0.000;0.00000000;0.00000000;0.00000000;0.00000000;0.00000000;0.00000000;0.00000000;0.00000000;0.00000000;0.00000000;0.00000000;0.00000000;0.00000000;0.00000000;0.00000000;0.00000000;0.00000000;0.00000000;0.00000000;0.00000000;0.00000000;0.00000000;0.00000000;0.00000000;0.00000000;0.00000000;0.00000000;0.00000000;0.00000000;0.00000000;0.00000000;0.00000000;0.00000000;0.00000000;0.00000000;0.00000000;0.00000000;0.00000000;0.00000000;0.00000000;0.00000000;0.00000000;0.00000000;0.00000000;0.00000000;0.00000000;0.00000000;0.00000000;0.00000000;0.00000000
0.500;0.00000000;0.00000000;0.00000000;0.00000000;0.00000000;-0.00000000;0.00000000;-0.00000000;-0.00000000;-0.00000000;-0.00000000;-0.00000000;-0.00000000;-0.00000000;-0.00000000;-0.00000000;-0.00000000;-0.00000000;-0.00000000;-0.00000000;-0.00000000;-0.00000000;0.00000000;0.00000002;0.00002261;0.00002261;0.00000002;0.00000000;-0.00000000;-0.00000000;-0.00000000;-0.00000000;-0.00000000;-0.00000000;-0.00000000;-0.00000000;-0.00000000;-0.00000000;-0.00000000;-0.00000000;-0.00000000;-0.00000000;-0.00000000;-0.00000000;-0.00000000;-0.00000000;0.00000000;0.00000000;0.00000000;0.00000000
1.000;0.00000000;0.00000000;0.00000000;0.00000000;0.00000000;-0.00000000;-0.00000000;-0.00000000;-0.00000000;-0.00000000;-0.00000000;-0.00000000;-0.00000000;-0.00000000;-0.00000000;-0.00000000;-0.00000000;-0.00000000;-0.00000000;-0.00000000;-0.00000000;0.00000000;0.00000001;0.00000270;0.00106468;0.00106468;0.00000270;0.00000001;0.00000000;-0.00000000;-0.00000000;-0.00000000;-0.00000000;-0.00000000;-0.00000000;-0.00000000;-0.00000000;-0.00000000;-0.00000000;-0.00000000;-0.00000000;-0.00000000;-0.00000000;-0.00000000;-0.00000000;-0.00000000;-0.00000000;0.00000000;0.00000000;0.00000000
1.500;0.00000000;0.00000000;0.00000000;0.00000000;0.00000000;0.00000000;-0.00000000;-0.00000000;-0.00000000;-0.00000000;-0.00000000;-0.00000000;-0.00000000;-0.00000000;-0.00000000;-0.00000000;-0.00000000;-0.00000000;-0.00000000;-0.00000000;-0.00000000;0.00000000;0.00000019;0.00003792;0.00390167;0.00390167;0.00003792;0.00000019;0.00000000;-0.00000000;-0.00000000;-0.00000000;-0.00000000;-0.00000000;-0.00000000;-0.00000000;-0.00000000;-0.00000000;-0.00000000;-0.00000000;-0.00000000;-0.00000000;-0.00000000;-0.00000000;-0.00000000;-0.00000000;-0.00000000;0.00000000;0.00000000;0.00000000
2.000;0.00000000;0.00000000;0.00000000;0.00000000;0.00000000;0.00000000;0.00000000;0.00000000;0.00000000;0.00000000;0.00000000;0.00000000;0.00000000;0.00000000;0.00000000;0.00000000;0.00000000;0.00000000;0.00000000;0.00000000;0.00000000;0.00000001;0.00000207;0.00021580;0.00706400;0.00706400;0.00021580;0.00000207;0.00000001;0.00000000;0.00000000;0.00000000;0.00000000;0.00000000;0.00000000;0.00000000;0.00000000;0.00000000;0.00000000;0.00000000;0.00000000;0.00000000;0.00000000;0.00000000;0.00000000;-0.00000000;0.00000000;0.00000000;0.00000000;0.00000000
2.500;0.00000000;0.00000000;0.00000000;-0.00000000;0.00000000;0.00000000;0.00000000;0.00000000;0.00000000;0.00000000;0.00000000;0.00000000;0.00000000;0.00000000;0.00000000;0.00000000;0.00000000;0.00000000;0.00000000;0.00000000;0.00000000;0.00000014;0.00001257;0.00083767;0.00914043;0.00914043;0.00083767;0.00001257;0.00000014;0.00000000;0.00000000;0.00000000;0.00000000;0.00000000;0.00000000;0.00000000;0.00000000;0.00000000;0.00000000;0.00000000;0.00000000;0.00000000;0.00000000;0.00000000;0.00000000;-0.00000000;-0.00000000;0.00000000;0.00000000;0.00000000
3.000;0.00000000;0.00000000;0.00000000;-0.00000000;-0.00000000;-0.00000000;0.00000000;0.00000000;0.00000000;0.00000000;0.00000000;0.00000000;0.00000000;0.00000000;0.00000000;0.00000000;0.00000000;0.00000000;0.00000000;0.00000000;0.00000001;0.00000086;0.00005691;0.00310329;0.01026908;0.01026908;0.00310329;0.00005691;0.00000086;0.00000001;0.00000000;0.00000000;0.00000000;0.00000000;0.00000000;0.00000000;0.00000000;0.00000000;0.00000000;0.00000000;0.00000000;0.00000000;0.00000000;0.00000000;-0.00000000;-0.00000000;-0.00000000;0.00000000;0.00000000;0.00000000
3.500;0.00000000;0.00000000;0.00000000;-0.00000000;-0.00000000;-0.00000000;-0.00000000;-0.00000000;-0.00000000;-0.00000000;-0.00000000;-0.00000000;-0.00000000;-0.00000000;-0.00000000;-0.00000000;-0.00000000;-0.00000000;0.00000000;0.00000000;0.00000006;0.00000411;0.00021743;0.00765492;0.01108851;0.01108851;0.00765492;0.00021743;0.00000411;0.00000006;0.00000000;0.00000000;-0.00000000;-0.00000000;-0.00000000;-0.00000000;-0.00000000;-0.00000000;-0.00000000;-0.00000000;-0.00000000;-0.00000000;-0.00000000;-0.00000000;-0.00000000;-0.00000000;-0.00000000;0.00000000;0.00000000;0.00000000
4.000;0.00000000;0.00000000;0.00000000;0.00000000;-0.00000000;-0.00000000;-0.00000000;-0.00000000;-0.00000000;-0.00000000;-0.00000000;-0.00000000;-0.00000000;-0.00000000;-0.00000000;-0.00000000;-0.00000000;-0.00000000;0.00000000;0.00000001;0.00000032;0.00001653;0.00069369;0.01263488;0.01216096;0.01216096;0.01263488;0.00069369;0.00001653;0.00000032;0.00000001;0.00000000;-0.00000000;-0.00000000;-0.00000000;-0.00000000;-0.00000000;-0.00000000;-0.00000000;-0.00000000;-0.00000000;-0.00000000;-0.00000000;-0.00000000;-0.00000000;-0.00000000;0.00000000;0.00000000;0.00000000;0.00000000
4.500;0.00000000;0.00000000;0.00000000;0.00000000;-0.00000000;-0.00000000;-0.00000000;-0.00000000;-0.00000000;-0.00000000;-0.00000000;-0.00000000;-0.00000000;-0.00000000;-0.00000000;-0.00000000;-0.00000000;-0.00000000;0.00000000;0.00000003;0.00000135;0.00005738;0.00189618;0.01613513;0.01364510;0.01364510;0.01613513;0.00189618;0.00005738;0.00000135;0.00000003;0.00000000;-0.00000000;-0.00000000;-0.00000000;-0.00000000;-0.00000000;-0.00000000;-0.00000000;-0.00000000;-0.00000000;-0.00000000;-0.00000000;-0.00000000;-0.00000000;0.00000000;0.00000000;0.00000000;0.00000000;0.00000000
5.000;0.00000000;-0.00000000;0.00000000;0.00000000;0.00000000;0.00000000;0.00000000;-0.00000000;-0.00000000;-0.00000000;-0.00000000;-0.00000000;-0.00000000;-0.00000000;-0.00000000;-0.00000000;-0.00000000;0.00000000;0.00000000;0.00000012;0.00000494;0.00017713;0.00510304;0.01791486;0.01533014;0.01533014;0.01791486;0.00510304;0.00017713;0.00000494;0.00000012;0.00000000;0.00000000;-0.00000000;-0.00000000;-0.00000000;-0.00000000;-0.00000000;-0.00000000;-0.00000000;-0.00000000;-0.00000000;-0.00000000;0.00000000;0.00000000;0.00000000;0.00000000;0.00000000;0.00000000;0.00000000
5.500;0.00000000;-0.00000000;-0.00000000;0.00000000;0.00000000;0.00000000;0.00000000;0.00000000;0.00000000;0.00000000;0.00000000;0.00000000;0.00000000;0.00000000;0.00000000;0.00000000;0.00000000;0.00000000;0.00000001;0.00000044;0.00001623;0.00050186;0.01093528;0.01853960;0.01691345;0.01691345;0.01853960;0.01093528;0.00050186;0.00001623;0.00000044;0.00000001;0.00000000;0.00000000;0.00000000;0.00000000;0.00000000;0.00000000;0.00000000;0.00000000;0.00000000;0.00000000;0.00000000;0.00000000;0.00000000;0.00000000;0.00000000;-0.00000000;0.00000000;0.00000000
6.000;0.00000000;0.00000000;-0.00000000;-0.00000000;0.00000000;0.00000000;0.00000000;0.00000000;0.00000000;0.00000000;0.00000000;0.00000000;0.00000000;0.00000000;0.00000000;0.00000000;0.00000000;0.00000000;0.00000004;0.00000153;0.00004877;0.00129336;0.01736495;0.01884791;0.01825590;0.01825590;0.01884791;0.01736495;0.00129336;0.00004877;0.00000153;0.00000004;0.00000000;0.00000000;0.00000000;0.00000000;0.00000000;0.00000000;0.00000000;0.00000000;0.00000000;0.00000000;0.00000000;0.00000000;0.00000000;0.00000000;-0.00000000;-0.00000000;0.00000000;0.00000000
6.500;-0.00000000;0.00000000;-0.00000000;-0.00000000;0.00000000;0.00000000;0.00000000;0.00000000;0.00000000;0.00000000;0.00000000;0.00000000;0.00000000;0.00000000;0.00000000;0.00000000;0.00000000;0.00000000;0.00000015;0.00000481;0.00013545;0.00303005;0.02219303;0.01946435;0.01943630;0.01943630;0.01946435;0.02219303;0.00303005;0.00013545;0.00000481;0.00000015;0.00000000;0.00000000;0.00000000;0.00000000;0.00000000;0.00000000;0.00000000;0.00000000;0.00000000;0.00000000;0.00000000;0.00000000;0.00000000;-0.00000000;-0.00000000;-0.00000000;0.00000000;0.00000000
7.000;-0.00000000;0.00000000;-0.00000000;-0.00000000;-0.00000000;-0.00000000;-0.00000000;0.00000000;0.00000000;0.00000000;0.00000000;0.00000000;0.00000000;0.00000000;0.00000000;0.00000000;0.00000000;0.00000001;0.00000048;0.00001404;0.00035039;0.00703502;0.02487418;0.02056026;0.02061670;0.02061670;0.02056026;0.02487418;0.00703502;0.00035039;0.00001404;0.00000048;0.00000001;0.00000000;0.00000000;0.00000000;0.00000000;0.00000000;0.00000000;0.00000000;0.00000000;0.00000000;0.00000000;-0.00000000;-0.00000000;-0.00000000;-0.00000000;-0.00000000;0.00000000;0.00000000
7.500;-0.00000000;0.00000000;0.00000000;-0.00000000;-0.00000000;-0.00000000;-0.00000000;-0.00000000;-0.00000000;-0.00000000;-0.00000000;-0.00000000;-0.00000000;-0.00000000;-0.00000000;-0.00000000;0.00000000;0.00000005;0.00000147;0.00003840;0.00085559;0.01391313;0.02578346;0.02192909;0.02187026;0.02187026;0.02192909;0.02578346;0.01391313;0.00085559;0.00003840;0.00000147;0.00000005;0.00000000;-0.00000000;-0.00000000;-0.00000000;-0.00000000;-0.00000000;-0.00000000;-0.00000000;-0.00000000;-0.00000000;-0.00000000;-0.00000000;-0.00000000;-0.00000000;0.00000000;0.00000000;-0.00000000
8.000;-0.00000000;0.00000000;0.00000000;-0.00000000;-0.00000000;-0.00000000;-0.00000000;-0.00000000;-0.00000000;-0.00000000;-0.00000000;-0.00000000;-0.00000000;-0.00000000;-0.00000000;-0.00000000;0.00000000;0.00000015;0.00000419;0.00009919;0.00195867;0.02152943;0.02577457;0.02324490;0.02311923;0.02311923;0.02324490;0.02577457;0.02152943;0.00195867;0.00009919;0.00000419;0.00000015;0.00000000;-0.00000000;-0.00000000;-0.00000000;-0.00000000;-0.00000000;-0.00000000;-0.00000000;-0.00000000;-0.00000000;-0.00000000;-0.00000000;-0.00000000;0.00000000;0.00000000;0.00000000;-0.00000000
8.500;-0.00000000;-0.00000000;0.00000000;0.00000000;-0.00000000;-0.00000000;-0.00000000;-0.00000000;-0.00000000;-0.00000000;-0.00000000;-0.00000000;-0.00000000;-0.00000000;-0.00000000;-0.00000000;0.00000002;0.00000046;0.00001131;0.00024270;0.00418294;0.02750023;0.02568608;0.02430752;0.02421320;0.02421320;0.02430752;0.02568608;0.02750023;0.00418294;0.00024270;0.00001131;0.00000046;0.00000002;-0.00000000;-0.00000000;-0.00000000;-0.00000000;-0.00000000;-0.00000000;-0.00000000;-0.00000000;-0.00000000;-0.00000000;-0.00000000;-0.00000000;0.00000000;0.00000000;-0.00000000;-0.00000000
9.000;0.00000000;-0.00000000;0.00000000;0.00000000;0.00000000;0.00000000;-0.00000000;-0.00000000;-0.00000000;-0.00000000;-0.00000000;-0.00000000;-0.00000000;-0.00000000;-0.00000000;0.00000000;0.00000005;0.00000128;0.00002901;0.00056416;0.00887603;0.03106974;0.02599186;0.02513067;0.02505799;0.02505799;0.02513067;0.02599186;0.03106974;0.00887603;0.00056416;0.00002901;0.00000128;0.00000005;0.00000000;-0.00000000;-0.00000000;-0.00000000;-0.00000000;-0.00000000;-0.00000000;-0.00000000;-0.00000000;-0.00000000;0.00000000;0.00000000;0.00000000;0.00000000;-0.00000000;-0.00000000
9.500;0.00000000;-0.00000000;-0.00000000;0.00000000;0.00000000;0.00000000;0.00000000;0.00000000;0.00000000;-0.00000000;-0.00000000;-0.00000000;0.00000000;0.00000000;0.00000000;0.00000001;0.00000014;0.00000343;0.00007097;0.00125469;0.01662397;0.03244240;0.02672177;0.02585864;0.02568007;0.02568007;0.02585864;0.02672177;0.03244240;0.01662397;0.00125469;0.00007097;0.00000343;0.00000014;0.00000001;0.00000000;0.00000000;0.00000000;-0.00000000;-0.00000000;-0.00000000;0.00000000;0.00000000;0.00000000;0.00000000;0.00000000;0.00000000;-0.00000000;-0.00000000;0.00000000
10.000;0.00000000;-0.00000000;-0.00000000;0.00000000;0.00000000;0.00000000;0.00000000;0.00000000;0.00000000;0.00000000;0.00000000;0.00000000;0.00000000;0.00000000;0.00000000;0.00000002;0.00000040;0.00000873;0.00016635;0.00265567;0.02521386;0.03240530;0.02761313;0.02661033;0.02618314;0.02618314;0.02661033;0.02761313;0.03240530;0.02521386;0.00265567;0.00016635;0.00000873;0.00000040;0.00000002;0.00000000;0.00000000;0.00000000;0.00000000;0.00000000;0.00000000;0.00000000;0.00000000;0.00000000;0.00000000;0.00000000;0.00000000;-0.00000000;-0.00000000;0.00000000
10.500;0.00000000;0.00000000;-0.00000000;-0.00000000;0.00000000;0.00000000;0.00000000;0.00000000;0.00000000;0.00000000;0.00000000;0.00000000;0.00000000;0.00000000;0.00000000;0.00000005;0.00000106;0.00002132;0.00037405;0.00531944;0.03213755;0.03186261;0.02836061;0.02737725;0.02664986;0.02664986;0.02737725;0.02836061;0.03186261;0.03213755;0.00531944;0.00037405;0.00002132;0.00000106;0.00000005;0.00000000;0.00000000;0.00000000;0.00000000;0.00000000;0.00000000;0.00000000;0.00000000;0.00000000;0.00000000;0.00000000;-0.00000000;-0.00000000;0.00000000;0.00000000
11.000;-0.00000000;0.00000000;-0.00000000;-0.00000000;-0.00000000;-0.00000000;0.00000000;0.00000000;0.00000000;0.00000000;0.00000000;0.00000000;0.00000000;0.00000000;0.00000001;0.00000013;0.00000269;0.00005008;0.00080747;0.01060408;0.03649729;0.03145904;0.02881328;0.02803929;0.02707948;0.02707948;0.02803929;0.02881328;0.03145904;0.03649729;0.01060408;0.00080747;0.00005008;0.00000269;0.00000013;0.00000001;0.00000000;0.00000000;0.00000000;0.00000000;0.00000000;0.00000000;0.00000000;0.00000000;-0.00000000;-0.00000000;-0.00000000;-0.00000000;0.00000000;-0.00000000
11.500;-0.00000000;0.00000000;0.00000000;-0.00000000;-0.00000000;-0.00000000;-0.00000000;-0.00000000;-0.00000000;0.00000000;0.00000000;0.00000000;0.00000000;0.00000000;0.00000001;0.00000033;0.00000654;0.00011340;0.00168082;0.01907347;0.03836891;0.03142594;0.02902602;0.02846606;0.02740894;0.02740894;0.02846606;0.02902602;0.03142594;0.03836891;0.01907347;0.00168082;0.00011340;0.00000654;0.00000033;0.00000001;0.00000000;0.00000000;0.00000000;0.00000000;0.00000000;0.00000000;-0.00000000;-0.00000000;-0.00000000;-0.00000000;-0.00000000;0.00000000;0.00000000;-0.00000000
12.000;-0.00000000;0.00000000;0.00000000;-0.00000000;-0.00000000;-0.00000000;-0.00000000;-0.00000000;-0.00000000;-0.00000000;-0.00000000;-0.00000000;-0.00000000;0.00000000;0.00000004;0.00000084;0.00001538;0.00024804;0.00335969;0.02845370;0.03845994;0.03164540;0.02917071;0.02861512;0.02758812;0.02758812;0.02861512;0.02917071;0.03164540;0.03845994;0.02845370;0.00335969;0.00024804;0.00001538;0.00000084;0.00000004;0.00000000;-0.00000000;-0.00000000;-0.00000000;-0.00000000;-0.00000000;-0.00000000;-0.00000000;-0.00000000;-0.00000000;-0.00000000;0.00000000;0.00000000;-0.00000000
12.500;-0.00000000;-0.00000000;0.00000000;0.00000000;-0.00000000;-0.00000000;-0.00000000;-0.00000000;-0.00000000;-0.00000000;-0.00000000;-0.00000000;-0.00000000;0.00000000;0.00000010;0.00000204;0.00003499;0.00052422;0.00641365;0.03615103;0.03767036;0.03184797;0.02939104;0.02855556;0.02763735;0.02763735;0.02855556;0.02939104;0.03184797;0.03767036;0.03615103;0.00641365;0.00052422;0.00003499;0.00000204;0.00000010;0.00000000;-0.00000000;-0.00000000;-0.00000000;-0.00000000;-0.00000000;-0.00000000;-0.00000000;-0.00000000;-0.00000000;0.00000000;0.00000000;-0.00000000;-0.00000000
13.000;0.00000000;-0.00000000;0.00000000;0.00000000;0.00000000;0.00000000;-0.00000000;-0.00000000;-0.00000000;-0.00000000;-0.00000000;-0.00000000;-0.00000000;0.00000001;0.00000026;0.00000481;0.00007708;0.00107058;0.01220116;0.04117464;0.03672098;0.03182312;0.02970326;0.02841227;0.02763893;0.02763893;0.02841227;0.02970326;0.03182312;0.03672098;0.04117464;0.01220116;0.00107058;0.00007708;0.00000481;0.00000026;0.00000001;-0.00000000;-0.00000000;-0.00000000;-0.00000000;-0.00000000;-0.00000000;-0.00000000;-0.00000000;0.00000000;0.00000000;0.00000000;-0.00000000;0.00000000
13.500;0.00000000;-0.00000000;-0.00000000;0.00000000;0.00000000;0.00000000;0.00000000;0.00000000;-0.00000000;-0.00000000;-0.00000000;-0.00000000;0.00000000;0.00000003;0.00000065;0.00001096;0.00016470;0.00211907;0.02126156;0.04351171;0.03597583;0.03154098;0.02999948;0.02828585;0.02767546;0.02767546;0.02828585;0.02999948;0.03154098;0.03597583;0.04351171;0.02126156;0.00211907;0.00016470;0.00001096;0.00000065;0.00000003;0.00000000;-0.00000000;-0.00000000;-0.00000000;-0.00000000;0.00000000;0.00000000;0.00000000;0.00000000;0.00000000;-0.00000000;-0.00000000;0.00000000
14.000;0.00000000;-0.00000000;-0.00000000;0.00000000;0.00000000;0.00000000;0.00000000;0.00000000;0.00000000;0.00000000;0.00000000;0.00000000;0.00000001;0.00000009;0.00000152;0.00002427;0.00034167;0.00405174;0.03127180;0.04380121;0.03545925;0.03114433;0.03013667;0.02821162;0.02777254;0.02777254;0.02821162;0.03013667;0.03114433;0.03545925;0.04380121;0.03127180;0.00405174;0.00034167;0.00002427;0.00000152;0.00000009;0.00000001;0.00000000;0.00000000;0.00000000;0.00000000;0.00000000;0.00000000;0.00000000;0.00000000;0.00000000;-0.00000000;-0.00000000;0.00000000
14.500;0.00000000;0.00000000;-0.00000000;-0.00000000;0.00000000;0.00000000;0.00000000;0.00000000;0.00000000;0.00000000;0.00000000;0.00000000;0.00000001;0.00000021;0.00000348;0.00005227;0.00068810;0.00744645;0.03957974;0.04291184;0.03500325;0.03084001;0.03004122;0.02817909;0.02789415;0.02789415;0.02817909;0.03004122;0.03084001;0.03500325;0.04291184;0.03957974;0.00744645;0.00068810;0.00005227;0.00000348;0.00000021;0.00000001;0.00000000;0.00000000;0.00000000;0.00000000;0.00000000;0.00000000;0.00000000;0.00000000;-0.00000000;-0.00000000;0.00000000;0.00000000
15.000;-0.00000000;0.00000000;-0.00000000;-0.00000000;-0.00000000;-0.00000000;0.00000000;0.00000000;0.00000000;0.00000000;0.00000000;0.00000000;0.00000003;0.00000049;0.00000774;0.00010955;0.00134496;0.01365491;0.04513705;0.04158496;0.03443070;0.03076598;0.02975886;0.02818114;0.02798997;0.02798997;0.02818114;0.02975886;0.03076598;0.03443070;0.04158496;0.04513705;0.01365491;0.00134496;0.00010955;0.00000774;0.00000049;0.00000003;0.00000000;0.00000000;0.00000000;0.00000000;0.00000000;0.00000000;0.00000000;-0.00000000;-0.00000000;0.00000000;0.00000000;-0.00000000
15.500;-0.00000000;0.00000000;0.00000000;-0.00000000;-0.00000000;-0.00000000;-0.00000000;-0.00000000;-0.00000000;-0.00000000;-0.00000000;0.00000000;0.00000007;0.00000112;0.00001676;0.00022356;0.00255730;0.02319093;0.04787525;0.04025964;0.03368871;0.03091383;0.02942490;0.02824250;0.02805024;0.02805024;0.02824250;0.02942490;0.03091383;0.03368871;0.04025964;0.04787525;0.02319093;0.00255730;0.00022356;0.00001676;0.00000112;0.00000007;0.00000000;-0.00000000;-0.00000000;-0.00000000;-0.00000000;-0.00000000;-0.00000000;-0.00000000;-0.00000000;0.00000000;0.00000000;-0.00000000
16.000;-0.00000000;-0.00000000;0.00000000;-0.00000000;-0.00000000;-0.00000000;-0.00000000;-0.00000000;-0.00000000;-0.00000000;-0.00000000;0.00000001;0.00000016;0.00000249;0.00003539;0.00044452;0.00471733;0.03369176;0.04838247;0.03907321;0.03288386;0.03114629;0.02918552;0.02840269;0.02812057;0.02812057;0.02840269;0.02918552;0.03114629;0.03288386;0.03907321;0.04838247;0.03369176;0.00471733;0.00044452;0.00003539;0.00000249;0.00000016;0.00000001;-0.00000000;-0.00000000;-0.00000000;-0.00000000;-0.00000000;-0.00000000;-0.00000000;0.00000000;0.00000000;-0.00000000;-0.00000000
16.500;-0.00000000;-0.00000000;0.00000000;0.00000000;-0.00000000;-0.00000000;-0.00000000;-0.00000000;-0.00000000;-0.00000000;0.00000000;0.00000002;0.00000036;0.00000542;0.00007295;0.00086087;0.00840456;0.04246686;0.04749049;0.03797523;0.03221971;0.03129082;0.02912747;0.02867260;0.02826666;0.02826666;0.02867260;0.02912747;0.03129082;0.03221971;0.03797523;0.04749049;0.04246686;0.00840456;0.00086087;0.00007295;0.00000542;0.00000036;0.00000002;0.00000000;-0.00000000;-0.00000000;-0.00000000;-0.00000000;-0.00000000;-0.00000000;0.00000000;0.00000000;-0.00000000;-0.00000000
17.000;0.00000000;-0.00000000;-0.00000000;0.00000000;0.00000000;0.00000000;-0.00000000;-0.00000000;-0.00000000;0.00000000;0.00000000;0.00000005;0.00000081;0.00001152;0.00014682;0.00162325;0.01495926;0.04843637;0.04593310;0.03687436;0.03188026;0.03124722;0.02925675;0.02900816;0.02852148;0.02852148;0.02900817;0.02925675;0.03124722;0.03188026;0.03687436;0.04593310;0.04843637;0.01495926;0.00162325;0.00014682;0.00001152;0.00000081;0.00000005;0.00000000;0.00000000;0.00000000;-0.00000000;-0.00000000;0.00000000;0.00000000;0.00000000;-0.00000000;-0.00000000;0.00000000
17.500;0.00000000;-0.00000000;-0.00000000;0.00000000;0.00000000;0.00000000;0.00000000;0.00000000;0.00000000;0.00000000;0.00000001;0.00000012;0.00000177;0.00002394;0.00028856;0.00298581;0.02487008;0.05150167;0.04418555;0.03575078;0.03192533;0.03104406;0.02952537;0.02932894;0.02885905;0.02885905;0.02932894;0.02952537;0.03104406;0.03192533;0.03575078;0.04418555;0.05150167;0.02487008;0.00298581;0.00028856;0.00002394;0.00000177;0.00000012;0.00000001;0.00000000;0.00000000;0.00000000;0.00000000;0.00000000;0.00000000;0.00000000;-0.00000000;-0.00000000;0.00000000
18.000;0.00000000;0.00000000;-0.00000000;-0.00000000;0.00000000;0.00000000;0.00000000;0.00000000;0.00000000;0.00000000;0.00000002;0.00000026;0.00000378;0.00004864;0.00055393;0.00534599;0.03574251;0.05221793;0.04246665;0.03469688;0.03225432;0.03081513;0.02987271;0.02956958;0.02921338;0.02921338;0.02956958;0.02987271;0.03081513;0.03225432;0.03469688;0.04246665;0.05221793;0.03574251;0.00534599;0.00055393;0.00004864;0.00000378;0.00000026;0.00000002;0.00000000;0.00000000;0.00000000;0.00000000;0.00000000;0.00000000;-0.00000000;-0.00000000;0.00000000;0.00000000
18.500;0.00000000;0.00000000;0.00000000;-0.00000000;0.00000000;0.00000000;0.00000000;0.00000000;-0.00000000;0.00000000;0.00000004;0.00000058;0.00000790;0.00009671;0.00103824;0.00928014;0.04486270;0.05138408;0.04083518;0.03388188;0.03265699;0.03071719;0.03024711;0.02972292;0.02952221;0.02952221;0.02972292;0.03024711;0.03071719;0.03265699;0.03388188;0.04083518;0.05138408;0.04486270;0.00928014;0.00103824;0.00009671;0.00000790;0.00000058;0.00000004;0.00000000;-0.00000000;0.00000000;0.00000000;0.00000000;0.00000000;-0.00000000;0.00000000;0.00000000;0.00000000
19.000;-0.00000000;0.00000000;0.00000000;-0.00000000;-0.00000000;-0.00000000;-0.00000000;-0.00000000;-0.00000000;0.00000000;0.00000009;0.00000125;0.00001618;0.00018815;0.00189938;0.01611443;0.05113786;0.04971502;0.03930383;0.03346516;0.03292240;0.03084270;0.03060021;0.02983882;0.02975771;0.02975771;0.02983882;0.03060021;0.03084270;0.03292240;0.03346516;0.03930383;0.04971502;0.05113786;0.01611443;0.00189938;0.00018815;0.00001618;0.00000125;0.00000009;0.00000000;-0.00000000;-0.00000000;-0.00000000;-0.00000000;-0.00000000;-0.00000000;0.00000000;0.00000000;-0.00000000
19.500;-0.00000000;-0.00000000;0.00000000;0.00000000;-0.00000000;-0.00000000;-0.00000000;-0.00000000;0.00000000;0.00000001;0.00000019;0.00000262;0.00003247;0.00035823;0.00339731;0.02631374;0.05445823;0.04769903;0.03791785;0.03350361;0.03294538;0.03117667;0.03087428;0.02997867;0.02992207;0.02992207;0.02997867;0.03087428;0.03117667;0.03294538;0.03350361;0.03791785;0.04769903;0.05445823;0.02631374;0.00339731;0.00035823;0.00003247;0.00000262;0.00000019;0.00000001;-0.00000000;-0.00000000;-0.00000000;-0.00000000;-0.00000000;0.00000000;0.00000000;0.00000000;-0.00000000
20.000;-0.00000000;-0.00000000;0.00000000;0.00000000;-0.00000000;-0.00000000;-0.00000000;-0.00000000;0.00000000;0.00000003;0.00000041;0.00000541;0.00006387;0.00066744;0.00593091;0.03745877;0.05536120;0.04561049;0.03677714;0.03390142;0.03277183;0.03161318;0.03100809;0.03016022;0.03001892;0.03001892;0.03016022;0.03100809;0.03161318;0.03277183;0.03390142;0.03677714;0.04561049;0.05536120;0.03745877;0.00593091;0.00066744;0.00006387;0.00000541;0.00000041;0.00000003;0.00000000;-0.00000000;-0.00000000;-0.00000000;-0.00000000;0.00000000;0.00000000;-0.00000000;-0.00000000
20.500;-0.00000000;-0.00000000;-0.00000000;0.00000000;0.00000000;-0.00000000;-0.00000000;0.00000000;0.00000000;0.00000006;0.00000088;0.00001094;0.00012315;0.00121655;0.01007018;0.04682353;0.05462070;0.04359916;0.03600630;0.03443240;0.03255995;0.03200999;0.03096584;0.03033431;0.03003102;0.03003102;0.03033430;0.03096584;0.03200998;0.03255995;0.03443240;0.03600630;0.04359916;0.05462070;0.04682353;0.01007018;0.00121655;0.00012315;0.00001094;0.00000088;0.00000006;0.00000000;0.00000000;-0.00000000;-0.00000000;0.00000000;0.00000000;-0.00000000;-0.00000000;-0.00000000
21.000;0.00000000;-0.00000000;-0.00000000;-0.00000000;0.00000000;0.00000000;0.00000000;0.00000000;0.00000001;0.00000014;0.00000182;0.00002171;0.00023275;0.00216862;0.01712607;0.05331534;0.05293059;0.04177832;0.03569310;0.03483007;0.03248193;0.03224336;0.03076654;0.03040892;0.02992545;0.02992545;0.03040892;0.03076654;0.03224335;0.03248192;0.03483007;0.03569310;0.04177832;0.05293059;0.05331534;0.01712607;0.00216862;0.00023275;0.00002171;0.00000182;0.00000014;0.00000001;0.00000000;0.00000000;0.00000000;0.00000000;-0.00000000;-0.00000000;-0.00000000;0.00000000
21.500;0.00000000;0.00000000;-0.00000000;-0.00000000;0.00000000;0.00000000;0.00000000;0.00000000;0.00000002;0.00000029;0.00000370;0.00004229;0.00043118;0.00378677;0.02754192;0.05682657;0.05077992;0.04026785;0.03582576;0.03490435;0.03262247;0.03223723;0.03048342;0.03030023;0.02967966;0.02967966;0.03030023;0.03048342;0.03223723;0.03262247;0.03490435;0.03582576;0.04026785;0.05077992;0.05682657;0.02754192;0.00378677;0.00043118;0.00004229;0.00000370;0.00000029;0.00000002;0.00000000;0.00000000;0.00000000;0.00000000;-0.00000000;-0.00000000;0.00000000;0.00000000
22.000;0.00000000;0.00000000;0.00000000;-0.00000000;-0.00000000;0.00000000;0.00000000;0.00000000;0.00000005;0.00000061;0.00000739;0.00008088;0.00078290;0.00646860;0.03887951;0.05788865;0.04847920;0.03918677;0.03626115;0.03462611;0.03292873;0.03196589;0.03020281;0.02997272;0.02930175;0.02930175;0.02997273;0.03020282;0.03196589;0.03292873;0.03462611;0.03626115;0.03918677;0.04847920;0.05788865;0.03887951;0.00646860;0.00078290;0.00008088;0.00000739;0.00000061;0.00000005;0.00000000;0.00000000;0.00000000;-0.00000000;-0.00000000;0.00000000;0.00000000;0.00000000
22.500;-0.00000000;0.00000000;0.00000000;0.00000000;-0.00000000;-0.00000000;0.00000000;0.00000001;0.00000010;0.00000125;0.00001453;0.00015185;0.00139285;0.01077584;0.04840881;0.05725884;0.04624879;0.03861385;0.03674699;0.03413372;0.03323301;0.03144643;0.02996461;0.02944412;0.02882381;0.02882381;0.02944413;0.02996463;0.03144644;0.03323302;0.03413372;0.03674699;0.03861385;0.04624879;0.05725884;0.04840881;0.01077584;0.00139285;0.00015185;0.00001453;0.00000125;0.00000010;0.00000001;0.00000000;-0.00000000;-0.00000000;0.00000000;0.00000000;0.00000000;0.00000000
23.000;-0.00000000;0.00000000;0.00000000;0.00000000;-0.00000000;-0.00000000;0.00000000;0.00000002;0.00000021;0.00000253;0.00002807;0.00027987;0.00242754;0.01800429;0.05504583;0.05561235;0.04428777;0.03854151;0.03699949;0.03365499;0.03332876;0.03073425;0.02972506;0.02875998;0.02827231;0.02827230;0.02875998;0.02972507;0.03073426;0.03332878;0.03365499;0.03699949;0.03854151;0.04428777;0.05561235;0.05504583;0.01800429;0.00242754;0.00027987;0.00002807;0.00000253;0.00000021;0.00000002;0.00000000;-0.00000000;0.00000000;0.00000000;0.00000000;0.00000000;-0.00000000
23.500;-0.00000000;-0.00000000;0.00000000;0.00000000;0.00000000;-0.00000000;0.00000000;0.00000003;0.00000043;0.00000500;0.00005330;0.00050621;0.00415123;0.02857840;0.05869374;0.05343336;0.04278522;0.03884658;0.03681040;0.03338265;0.03305531;0.02991842;0.02937013;0.02796366;0.02764128;0.02764127;0.02796365;0.02937014;0.02991843;0.03305533;0.03338265;0.03681040;0.03884658;0.04278522;0.05343336;0.05869373;0.02857840;0.00415123;0.00050621;0.00005330;0.00000500;0.00000043;0.00000003;0.00000000;-0.00000000;0.00000000;0.00000000;0.00000000;-0.00000000;-0.00000000
24.000;-0.00000000;-0.00000000;-0.00000000;0.00000000;0.00000000;0.00000000;0.00000000;0.00000007;0.00000087;0.00000975;0.00009946;0.00089855;0.00695841;0.04004585;0.05988649;0.05105477;0.04188138;0.03929466;0.03613672;0.03336703;0.03235113;0.02910316;0.02877411;0.02708348;0.02689239;0.02689239;0.02708346;0.02877410;0.02910316;0.03235113;0.03336703;0.03613672;0.03929466;0.04188138;0.05105477;0.05988649;0.04004585;0.00695841;0.00089855;0.00009946;0.00000975;0.00000087;0.00000007;0.00000001;0.00000000;0.00000000;0.00000000;-0.00000000;-0.00000000;-0.00000000
24.500;0.00000000;-0.00000000;-0.00000000;-0.00000000;0.00000000;0.00000000;0.00000001;0.00000015;0.00000173;0.00001868;0.00018243;0.00156495;0.01140160;0.04967810;0.05937200;0.04874843;0.04161137;0.03958554;0.03512640;0.03348047;0.03126035;0.02836859;0.02786625;0.02613792;0.02598295;0.02598296;0.02613792;0.02786624;0.02836857;0.03126033;0.03348046;0.03512640;0.03958554;0.04161136;0.04874843;0.05937200;0.04967810;0.01140160;0.00156495;0.00018243;0.00001868;0.00000173;0.00000015;0.00000001;0.00000000;-0.00000000;-0.00000000;-0.00000000;-0.00000000;0.00000000
25.000;0.00000000;0.00000000;-0.00000000;-0.00000000;-0.00000000;0.00000000;0.00000002;0.00000030;0.00000339;0.00003523;0.00032881;0.00267399;0.01876234;0.05640497;0.05781099;0.04678028;0.04186612;0.03943408;0.03405861;0.03346950;0.02990371;0.02772463;0.02666495;0.02514274;0.02489916;0.02489918;0.02514275;0.02666494;0.02772460;0.02990368;0.03346949;0.03405861;0.03943408;0.04186612;0.04678028;0.05781099;0.05640497;0.01876234;0.00267399;0.00032881;0.00003523;0.00000339;0.00000030;0.00000002;0.00000000;-0.00000000;-0.00000000;-0.00000000;0.00000000;0.00000000
25.500;0.00000000;0.00000000;-0.00000000;-0.00000000;0.00000000;0.00000000;0.00000005;0.00000060;0.00000655;0.00006539;0.00058228;0.00448960;0.02944901;0.06014547;0.05568097;0.04539566;0.04239283;0.03866466;0.03321754;0.03306537;0.02843613;0.02708795;0.02526200;0.02410575;0.02366788;0.02366791;0.02410578;0.02526200;0.02708793;0.02843611;0.03306536;0.03321754;0.03866466;0.04239283;0.04539567;0.05568097;0.06014547;0.02944901;0.00448960;0.00058228;0.00006539;0.00000655;0.00000060;0.00000005;0.00000000;0.00000000;-0.00000000;-0.00000000;0.00000000;0.00000000
26.000;0.00000000;0.00000000;0.00000000;0.00000000;0.00000000;0.00000001;0.00000010;0.00000118;0.00001246;0.00011940;0.00101306;0.00740202;0.04099898;0.06144165;0.05332774;0.04475212;0.04284044;0.03728459;0.03275501;0.03209645;0.02700639;0.02630581;0.02377347;0.02301247;0.02233899;0.02233901;0.02301250;0.02377350;0.02630581;0.02700641;0.03209645;0.03275502;0.03728460;0.04284045;0.04475213;0.05332774;0.06144165;0.04099898;0.00740202;0.00101307;0.00011940;0.00001246;0.00000118;0.00000010;0.00000001;0.00000000;0.00000000;0.00000000;0.00000000;0.00000000
26.500;-0.00000000;0.00000000;0.00000000;0.00000000;0.00000000;0.00000002;0.00000021;0.00000230;0.00002337;0.00021450;0.00173145;0.01195442;0.05068852;0.06103798;0.05105849;0.04484474;0.04284116;0.03550086;0.03260740;0.03055139;0.02572257;0.02522309;0.02229058;0.02181989;0.02095394;0.02095394;0.02181989;0.02229063;0.02522315;0.02572265;0.03055139;0.03260741;0.03550087;0.04284118;0.04484475;0.05105849;0.06103798;0.05068852;0.01195442;0.00173145;0.00021450;0.00002337;0.00000230;0.00000021;0.00000002;0.00000000;0.00000000;0.00000000;0.00000000;-0.00000000
27.000;-0.00000000;-0.00000000;0.00000000;0.00000000;0.00000000;0.00000004;0.00000041;0.00000441;0.00004315;0.00037903;0.00290701;0.01941554;0.05746370;0.05958508;0.04918729;0.04546837;0.04210824;0.03366043;0.03250930;0.02857210;0.02462214;0.02375947;0.02085598;0.02047280;0.01952659;0.01952656;0.02047278;0.02085603;0.02375963;0.02462224;0.02857213;0.03250931;0.03366044;0.04210826;0.04546837;0.04918729;0.05958508;0.05746370;0.01941554;0.00290701;0.00037903;0.00004315;0.00000441;0.00000041;0.00000004;0.00000000;0.00000000;0.00000000;-0.00000000;-0.00000000
27.500;-0.00000000;-0.00000000;0.00000000;0.00000000;0.00000001;0.00000007;0.00000081;0.00000834;0.00007848;0.00065865;0.00480239;0.03018036;0.06126174;0.05755406;0.04800050;0.04624123;0.04052363;0.03212535;0.03209973;0.02639162;0.02365251;0.02195250;0.01946804;0.01893827;0.01804874;0.01804870;0.01893823;0.01946808;0.02195269;0.02365259;0.02639166;0.03209974;0.03212536;0.04052364;0.04624123;0.04800050;0.05755406;0.06126174;0.03018036;0.00480239;0.00065865;0.00007848;0.00000834;0.00000081;0.00000007;0.00000001;0.00000000;0.00000000;-0.00000000;-0.00000000
28.000;-0.00000000;-0.00000000;-0.00000000;0.00000000;0.00000001;0.00000014;0.00000156;0.00001556;0.00014054;0.00112560;0.00780305;0.04177865;0.06263605;0.05529741;0.04766652;0.04668855;0.03818774;0.03112637;0.03107169;0.02425196;0.02267637;0.01994199;0.01809767;0.01723509;0.01651149;0.01651145;0.01723506;0.01809768;0.01994210;0.02267634;0.02425201;0.03107169;0.03112636;0.03818773;0.04668854;0.04766652;0.05529741;0.06263605;0.04177865;0.00780305;0.00112560;0.00014054;0.00001556;0.00000156;0.00000014;0.00000001;0.00000000;-0.00000000;-0.00000000;-0.00000000
28.500;0.00000000;-0.00000000;-0.00000000;0.00000000;0.00000002;0.00000028;0.00000298;0.00002859;0.00024781;0.00189168;0.01244313;0.05149305;0.06233201;0.05314485;0.04814457;0.04636314;0.03540910;0.03065644;0.02929618;0.02233506;0.02151289;0.01790624;0.01670179;0.01543475;0.01492149;0.01492147;0.01543476;0.01670172;0.01790611;0.02151272;0.02233510;0.02929617;0.03065643;0.03540907;0.04636312;0.04814457;0.05314485;0.06233201;0.05149305;0.01244313;0.00189168;0.00024781;0.00002859;0.00000298;0.00000028;0.00000002;0.00000000;-0.00000000;-0.00000000;0.00000000
29.000;0.00000000;0.00000000;0.00000000;0.00000000;0.00000005;0.00000055;0.00000560;0.00005180;0.00043013;0.00312672;0.01998034;0.05828634;0.06099433;0.05144227;0.04914512;0.04496796;0.03262637;0.03045538;0.02686737;0.02072295;0.02000814;0.01598799;0.01523038;0.01363004;0.01329875;0.01329876;0.01363008;0.01523024;0.01598751;0.02000789;0.02072296;0.02686736;0.03045538;0.03262632;0.04496794;0.04914512;0.05144227;0.06099433;0.05828634;0.01998034;0.00312672;0.00043013;0.00005180;0.00000560;0.00000055;0.00000005;0.00000000;-0.00000000;0.00000000;0.00000000
29.500;0.00000000;0.00000000;0.00000000;0.00000001;0.00000010;0.00000107;0.00001040;0.00009250;0.00073487;0.00509148;0.03079882;0.06211432;0.05908904;0.05050262;0.05017006;0.04244492;0.03027736;0.03009963;0.02405666;0.01938767;0.01810542;0.01424893;0.01363643;0.01189146;0.01166131;0.01166137;0.01189149;0.01363624;0.01424827;0.01810528;0.01938765;0.02405666;0.03009964;0.03027731;0.04244491;0.05017006;0.05050262;0.05908904;0.06211432;0.03079882;0.00509148;0.00073486;0.00009250;0.00001040;0.00000107;0.00000010;0.00000001;0.00000000;0.00000000;0.00000000
30.000;0.00000000;0.00000000;0.00000000;0.00000002;0.00000020;0.00000202;0.00001903;0.00016276;0.00123580;0.00816658;0.04242228;0.06354338;0.05697152;0.05049842;0.05062748;0.03900326;0.02865281;0.02916371;0.02120555;0.01820561;0.01587853;0.01266945;0.01189498;0.01024075;0.01001344;0.01001353;0.01024072;0.01189487;0.01266906;0.01587864;0.01820555;0.02120557;0.02916372;0.02865277;0.03900326;0.05062747;0.05049842;0.05697152;0.06354338;0.04242228;0.00816658;0.00123580;0.00016276;0.00001903;0.00000202;0.00000020;0.00000002;0.00000000;0.00000000;0.00000000
30.500;-0.00000000;0.00000000;0.00000000;0.00000004;0.00000038;0.00000378;0.00003435;0.00028218;0.00204572;0.01287783;0.05213984;0.06332304;0.05498454;0.05135725;0.04998784;0.03507633;0.02778648;0.02738487;0.01860953;0.01699337;0.01350634;0.01118129;0.01002435;0.00865598;0.00835090;0.00835096;0.00865588;0.01002440;0.01118162;0.01350672;0.01699326;0.01860956;0.02738486;0.02778647;0.03507635;0.04998783;0.05135725;0.05498454;0.06332304;0.05213984;0.01287783;0.00204572;0.00028218;0.00003435;0.00000378;0.00000038;0.00000004;0.00000000;0.00000000;-0.00000000
31.000;-0.00000000;0.00000000;0.00000001;0.00000007;0.00000073;0.00000698;0.00006117;0.00048195;0.00333424;0.02047385;0.05892996;0.06209576;0.05349271;0.05271942;0.04793335;0.03121423;0.02742829;0.02476065;0.01643774;0.01556326;0.01119958;0.00970654;0.00809271;0.00709980;0.00667703;0.00667701;0.00709966;0.00809292;0.00970759;0.01120004;0.01556311;0.01643777;0.02476063;0.02742832;0.03121428;0.04793334;0.05271942;0.05349271;0.06209576;0.05892996;0.02047385;0.00333424;0.00048195;0.00006117;0.00000698;0.00000073;0.00000007;0.00000001;0.00000000;-0.00000000
31.500;-0.00000000;0.00000000;0.00000001;0.00000014;0.00000138;0.00001273;0.00010743;0.00081082;0.00536000;0.03133008;0.06276608;0.06032447;0.05282334;0.05398903;0.04445423;0.02793751;0.02712003;0.02154081;0.01470796;0.01378794;0.00911793;0.00818303;0.00619830;0.00554753;0.00501405;0.00501391;0.00554747;0.00619858;0.00818428;0.00911807;0.01378780;0.01470798;0.02154079;0.02712009;0.02793757;0.04445422;0.05398903;0.05282334;0.06032447;0.06276608;0.03133008;0.00536000;0.00081082;0.00010743;0.00001273;0.00000138;0.00000014;0.00000001;0.00000000;-0.00000000
32.000;0.00000000;0.00000000;0.00000003;0.00000027;0.00000257;0.00002291;0.00018604;0.00134383;0.00849902;0.04296477;0.06422807;0.05836554;0.05314693;0.05447194;0.03986258;0.02559050;0.02635240;0.01812439;0.01330966;0.01165225;0.00731959;0.00657421;0.00442994;0.00399715;0.00339775;0.00339757;0.00399731;0.00443012;0.00657484;0.00731907;0.01165222;0.01330963;0.01812434;0.02635246;0.02559054;0.03986257;0.05447195;0.05314693;0.05836554;0.06422807;0.04296477;0.00849902;0.00134383;0.00018604;0.00002291;0.00000257;0.00000027;0.00000003;0.00000000;0.00000000
32.500;0.00000000;0.00000000;0.00000005;0.00000051;0.00000472;0.00004069;0.00031762;0.00219440;0.01326970;0.05267229;0.06407205;0.05656821;0.05436328;0.05356076;0.03471913;0.02423776;0.02474575;0.01491370;0.01205464;0.00926631;0.00576350;0.00487234;0.00283049;0.00246062;0.00185908;0.00185897;0.00246100;0.00283045;0.00487166;0.00576240;0.00926647;0.01205452;0.01491359;0.02474576;0.02423775;0.03471913;0.05356077;0.05436328;0.05656821;0.06407205;0.05267229;0.01326970;0.00219440;0.00031762;0.00004069;0.00000472;0.00000051;0.00000005;0.00000001;0.00000000
33.000;0.00000000;0.00000001;0.00000010;0.00000095;0.00000857;0.00007131;0.00053456;0.00353168;0.02091358;0.05944471;0.06294162;0.05530590;0.05605656;0.05090876;0.02969384;0.02364009;0.02218302;0.01218878;0.01073691;0.00682750;0.00435274;0.00310178;0.00138558;0.00095036;0.00040783;0.00040789;0.00095077;0.00138529;0.00309986;0.00435170;0.00682782;0.01073673;0.01218866;0.02218300;0.02364002;0.02969384;0.05090876;0.05605656;0.05530590;0.06294162;0.05944471;0.02091358;0.00353168;0.00053455;0.00007131;0.00000857;0.00000095;0.00000010;0.00000001;0.00000000
33.500;0.00000000;0.00000002;0.00000019;0.00000176;0.00001538;0.00012335;0.00088682;0.00561223;0.03179926;0.06327132;0.06129908;0.05491049;0.05755320;0.04653718;0.02539814;0.02332470;0.01884218;0.01004648;0.00919039;0.00454492;0.00298768;0.00131920;0.00004316;-0.00052547;-0.00096807;-0.00096785;-0.00052538;0.00004268;0.00131698;0.00298749;0.00454525;0.00919033;0.01004651;0.01884217;0.02332462;0.02539816;0.04653718;0.05755320;0.05491049;0.06129908;0.06327132;0.03179926;0.00561223;0.00088682;0.00012335;0.00001538;0.00000176;0.00000019;0.00000002;0.00000000
34.000;0.00000000;0.00000004;0.00000035;0.00000322;0.00002724;0.00021049;0.00145046;0.00880799;0.04343895;0.06474541;0.05950139;0.05554520;0.05807573;0.04084187;0.02223331;0.02273324;0.01511873;0.00841181;0.00733515;0.00256175;0.00160064;-0.00039800;-0.00125167;-0.00195755;-0.00228788;-0.00228754;-0.00195796;-0.00125210;-0.00039935;0.00160157;0.00256179;0.00733535;0.00841218;0.01511882;0.02273319;0.02223334;0.04084186;0.05807574;0.05554520;0.05950139;0.06474541;0.04343895;0.00880799;0.00145046;0.00021049;0.00002724;0.00000322;0.00000035;0.00000004;0.00000000
34.500;0.00000001;0.00000007;0.00000066;0.00000582;0.00004766;0.00035433;0.00233939;0.01363097;0.05312998;0.06463174;0.05790012;0.05708490;0.05694882;0.03449755;0.02029475;0.02140081;0.01147669;0.00709893;0.00520082;0.00091319;0.00016378;-0.00197654;-0.00252939;-0.00332876;-0.00356068;-0.00356036;-0.00332954;-0.00252954;-0.00197648;0.00016524;0.00091278;0.00520124;0.00709958;0.01147688;0.02140085;0.02029480;0.03449753;0.05694883;0.05708489;0.05790012;0.06463174;0.05312998;0.01363097;0.00233939;0.00035433;0.00004766;0.00000582;0.00000066;0.00000007;0.00000001
35.000;0.00000001;0.00000013;0.00000122;0.00001041;0.00008234;0.00058836;0.00372224;0.02131777;0.05987507;0.06357849;0.05687031;0.05906974;0.05379313;0.02828992;0.01935795;0.01910353;0.00829375;0.00588669;0.00291630;-0.00046377;-0.00132045;-0.00337557;-0.00379078;-0.00461608;-0.00477994;-0.00477980;-0.00461691;-0.00379072;-0.00337419;-0.00131957;-0.00046464;0.00291669;0.00588728;0.00829392;0.01910366;0.01935798;0.02828991;0.05379314;0.05906974;0.05687031;0.06357849;0.05987507;0.02131777;0.00372224;0.00058836;0.00008234;0.00001041;0.00000122;0.00000013;0.00000001
35.500;0.00000003;0.00000025;0.00000222;0.00001841;0.00014043;0.00096367;0.00585380;0.03223151;0.06367707;0.06205034;0.05674072;0.06076737;0.04864421;0.02292495;0.01895071;0.01592052;0.00576181;0.00458305;0.00066423;-0.00168161;-0.00283049;-0.00460140;-0.00502097;-0.00580277;-0.00593299;-0.00593317;-0.00580324;-0.00502105;-0.00459938;-0.00283099;-0.00168270;0.00066427;0.00458310;0.00576179;0.01592070;0.01895070;0.02292495;0.04864422;0.06076738;0.05674072;0.06205034;0.06367707;0.03223151;0.00585380;0.00096367;0.00014043;0.00001841;0.00000222;0.00000025;0.00000003
36.000;0.00000005;0.00000047;0.00000401;0.00003214;0.00023643;0.00155722;0.00910262;0.04387674;0.06514246;0.06040576;0.05766247;0.06133675;0.04195782;0.01886789;0.01849350;0.01218895;0.00386990;0.00306699;-0.00138347;-0.00284513;-0.00433038;-0.00569853;-0.00620709;-0.00688902;-0.00701509;-0.00701562;-0.00688881;-0.00620753;-0.00569689;-0.00433206;-0.00284589;-0.00138395;0.00306610;0.00386959;0.01218904;0.01849342;0.01886791;0.04195781;0.06133675;0.05766246;0.06040576;0.06514246;0.04387674;0.00910262;0.00155722;0.00023643;0.00003214;0.00000401;0.00000047;0.00000005
36.500;0.00000010;0.00000086;0.00000715;0.00005546;0.00039287;0.00248341;0.01397549;0.05355021;0.06504686;0.05899642;0.05948690;0.06004812;0.03450002;0.01625193;0.01746815;0.00837342;0.00245773;0.00130685;-0.00312259;-0.00401569;-0.00577189;-0.00672271;-0.00734527;-0.00789239;-0.00803464;-0.00803543;-0.00789136;-0.00734581;-0.00672213;-0.00577355;-0.00401551;-0.00312350;0.00130524;0.00245724;0.00837335;0.01746800;0.01625197;0.03450001;0.06004813;0.05948690;0.05899642;0.06504686;0.05355021;0.01397549;0.00248341;0.00039287;0.00005546;0.00000715;0.00000086;0.00000010
37.000;0.00000019;0.00000157;0.00001260;0.00009453;0.00064431;0.00391055;0.02170619;0.06026165;0.06404682;0.05819399;0.06171936;0.05649103;0.02715763;0.01487461;0.01556415;0.00490617;0.00130184;-0.00064173;-0.00454141;-0.00520870;-0.00710301;-0.00771334;-0.00843477;-0.00883646;-0.00900647;-0.00900726;-0.00883490;-0.00843474;-0.00771373;-0.00710318;-0.00520729;-0.00454244;-0.00064343;0.00130141;0.00490593;0.01556399;0.01487466;0.02715761;0.05649104;0.06171935;0.05819399;0.06404682;0.06026165;0.02170619;0.00391055;0.00064431;0.00009453;0.00001260;0.00000157;0.00000019
37.500;0.00000035;0.00000282;0.00002196;0.00015913;0.00104296;0.00609214;0.03265347;0.06402492;0.06261326;0.05831778;0.06358456;0.05070319;0.02072695;0.01427647;0.01275604;0.00206230;0.00019416;-0.00265876;-0.00570521;-0.00641410;-0.00828448;-0.00868189;-0.00946812;-0.00973640;-0.00993769;-0.00993817;-0.00973506;-0.00946691;-0.00868251;-0.00828247;-0.00641196;-0.00570604;-0.00265962;0.00019402;0.00206193;0.01275592;0.01427652;0.02072693;0.05070320;0.06358456;0.05831778;0.06261326;0.06402492;0.03265347;0.00609214;0.00104296;0.00015913;0.00002196;0.00000282;0.00000035
38.000;0.00000065;0.00000502;0.00003785;0.00026457;0.00166678;0.00939435;0.04431113;0.06545965;0.06110829;0.05950197;0.06419661;0.04317782;0.01574136;0.01387723;0.00928699;-0.00008868;-0.00101165;-0.00459888;-0.00671348;-0.00761809;-0.00930600;-0.00962042;-0.01042824;-0.01059281;-0.01082048;-0.01082042;-0.01059269;-0.01042607;-0.00962059;-0.00930259;-0.00761631;-0.00671382;-0.00459836;-0.00101145;-0.00008910;0.00928694;0.01387726;0.01574136;0.04317783;0.06419662;0.05950197;0.06110829;0.06545965;0.04431113;0.00939435;0.00166678;0.00026457;0.00003785;0.00000502;0.00000065
38.500;0.00000117;0.00000884;0.00006446;0.00043440;0.00263082;0.01431984;0.05397049;0.06535507;0.05988302;0.06157369;0.06278692;0.03474661;0.01238008;0.01313254;0.00556778;-0.00165129;-0.00238526;-0.00633725;-0.00765485;-0.00881038;-0.01019014;-0.01052032;-0.01129685;-0.01139835;-0.01163809;-0.01163749;-0.01140015;-0.01129486;-0.01051990;-0.01018721;-0.00880986;-0.00765441;-0.00633563;-0.00238504;-0.00165166;0.00556785;0.01313256;0.01238009;0.03474661;0.06278693;0.06157369;0.05988302;0.06535507;0.05397049;0.01431984;0.00263082;0.00043440;0.00006446;0.00000884;0.00000117
39.000;0.00000210;0.00001538;0.00010851;0.00070431;0.00410348;0.02210203;0.06064390;0.06438082;0.05930210;0.06400902;0.05892060;0.02637587;0.01047208;0.01167005;0.00203207;-0.00282366;-0.00392691;-0.00780562;-0.00858174;-0.00997630;-0.01097931;-0.01138415;-0.01206696;-0.01215008;-0.01237910;-0.01237822;-0.01215366;-0.01206663;-0.01138351;-0.01097857;-0.00997703;-0.00858027;-0.00780370;-0.00392705;-0.00282381;0.00203230;0.01167004;0.01047212;0.02637586;0.05892061;0.06400902;0.05930210;0.06438082;0.06064390;0.02210203;0.00410348;0.00070431;0.00010851;0.00001538;0.00000210
39.500;0.00000372;0.00002647;0.00018048;0.00112776;0.00633783;0.03309598;0.06435344;0.06301903;0.05966981;0.06600189;0.05263196;0.01893988;0.00958172;0.00936921;-0.00099518;-0.00381295;-0.00558429;-0.00900383;-0.00951116;-0.01108659;-0.01171337;-0.01222126;-0.01274842;-0.01285576;-0.01304735;-0.01304659;-0.01285985;-0.01275057;-0.01222085;-0.01171513;-0.01108774;-0.00950866;-0.00900242;-0.00558489;-0.00381274;-0.00099477;0.00936917;0.00958178;0.01893986;0.05263197;0.06600188;0.05966980;0.06301903;0.06435344;0.03309598;0.00633783;0.00112776;0.00018048;0.00002647;0.00000372
40.000;0.00000654;0.00004506;0.00029661;0.00178400;0.00969882;0.04477984;0.06573234;0.06163903;0.06109759;0.06663797;0.04443460;0.01303773;0.00914389;0.00636433;-0.00336894;-0.00477966;-0.00727287;-0.00998361;-0.01044312;-0.01209856;-0.01241299;-0.01303212;-0.01336139;-0.01352711;-0.01365841;-0.01365814;-0.01352976;-0.01336553;-0.01303224;-0.01241609;-0.01209932;-0.01044041;-0.00998312;-0.00727351;-0.00477900;-0.00336843;0.00636428;0.00914396;0.01303771;0.04443461;0.06663797;0.06109759;0.06163903;0.06573234;0.04477984;0.00969882;0.00178400;0.00029661;0.00004506;0.00000654
40.500;0.00001135;0.00007583;0.00048161;0.00278920;0.01468628;0.05443283;0.06558736;0.06059210;0.06338509;0.06512636;0.03520166;0.00889945;0.00860996;0.00297383;-0.00511977;-0.00582026;-0.00889771;-0.01081582;-0.01137838;-0.01297187;-0.01308060;-0.01379682;-0.01392411;-0.01416543;-0.01422544;-0.01422581;-0.01416505;-0.01392852;-0.01379758;-0.01308338;-0.01297233;-0.01137725;-0.01081639;-0.00889767;-0.00581924;-0.00511933;0.00297378;0.00861001;0.00889944;0.03520166;0.06512637;0.06338509;0.06059210;0.06558736;0.05443283;0.01468628;0.00278920;0.00048161;0.00007583;0.00001135
41.000;0.00001951;0.00012619;0.00077264;0.00431265;0.02253616;0.06106436;0.06460750;0.06023313;0.06598071;0.06101911;0.02595452;0.00639407;0.00757010;-0.00041638;-0.00639214;-0.00697632;-0.01037484;-0.01156078;-0.01232170;-0.01368865;-0.01371482;-0.01447934;-0.01444578;-0.01475330;-0.01474735;-0.01474827;-0.01474951;-0.01444826;-0.01448079;-0.01371626;-0.01368963;-0.01232381;-0.01156227;-0.01037376;-0.00697541;-0.00639203;-0.00041642;0.00757012;0.00639408;0.02595451;0.06101912;0.06598071;0.06023313;0.06460750;0.06106436;0.02253616;0.00431265;0.00077264;0.00012619;0.00001951
41.500;0.00003318;0.00020758;0.00122484;0.00660820;0.03360012;0.06470167;0.06329297;0.06084552;0.06805541;0.05434906;0.01762662;0.00512035;0.00582663;-0.00347275;-0.00736523;-0.00825165;-0.01164836;-0.01225639;-0.01327013;-0.01426290;-0.01432325;-0.01504598;-0.01492827;-0.01526151;-0.01521037;-0.01521149;-0.01525554;-0.01492730;-0.01504811;-0.01432338;-0.01426475;-0.01327512;-0.01225823;-0.01164663;-0.00825140;-0.00736563;-0.00347277;0.00582661;0.00512039;0.01762660;0.05434908;0.06805541;0.06084552;0.06329297;0.06470167;0.03360012;0.00660820;0.00122484;0.00020758;0.00003318
42.000;0.00005580;0.00033755;0.00191942;0.01004135;0.04533303;0.06599286;0.06202566;0.06251051;0.06868009;0.04564080;0.01087249;0.00454142;0.00340613;-0.00599543;-0.00819385;-0.00962305;-0.01269794;-0.01292523;-0.01419774;-0.01473214;-0.01492024;-0.01548419;-0.01537186;-0.01566658;-0.01560067;-0.01560143;-0.01566082;-0.01536748;-0.01548672;-0.01491975;-0.01473388;-0.01420256;-0.01292660;-0.01269660;-0.00962385;-0.00819473;-0.00599541;0.00340605;0.00454147;0.01087247;0.04564081;0.06868009;0.06251051;0.06202566;0.06599287;0.04533303;0.01004135;0.00191942;0.00033755;0.00005580
42.500;0.00009280;0.00054255;0.00297476;0.01511055;0.05499237;0.06576791;0.06115915;0.06499346;0.06705838;0.03578987;0.00597085;0.00412177;0.00051404;-0.00793836;-0.00898667;-0.01104369;-0.01353450;-0.01358876;-0.01505177;-0.01513870;-0.01550986;-0.01580824;-0.01577667;-0.01596448;-0.01591483;-0.01591472;-0.01596132;-0.01577052;-0.01581036;-0.01550944;-0.01513855;-0.01505234;-0.01358862;-0.01353448;-0.01104549;-0.00898773;-0.00793831;0.00051392;0.00412183;0.00597084;0.03578988;0.06705838;0.06499346;0.06115915;0.06576791;0.05499237;0.01511055;0.00297476;0.00054255;0.00009280
43.000;0.00015263;0.00086204;0.00456255;0.02305849;0.06157700;0.06474406;0.06103635;0.06771202;0.06274491;0.02584876;0.00283462;0.00343532;-0.00254971;-0.00937391;-0.00981405;-0.01244587;-0.01418895;-0.01427339;-0.01576736;-0.01551385;-0.01606810;-0.01604859;-0.01613676;-0.01617012;-0.01615854;-0.01615737;-0.01617082;-0.01613147;-0.01604912;-0.01606804;-0.01551091;-0.01576185;-0.01427111;-0.01419030;-0.01244801;-0.00981489;-0.00937384;-0.00254983;0.00343535;0.00283462;0.02584876;0.06274492;0.06771202;0.06103635;0.06474406;0.06157700;0.02305849;0.00456255;0.00086204;0.00015263
43.500;0.00024821;0.00135415;0.00693977;0.03423331;0.06511546;0.06344953;0.06191285;0.06981735;0.05578052;0.01678675;0.00110488;0.00222750;-0.00548598;-0.01043021;-0.01072497;-0.01375007;-0.01470195;-0.01500036;-0.01629425;-0.01587357;-0.01654144;-0.01623461;-0.01643336;-0.01630467;-0.01633600;-0.01633404;-0.01630890;-0.01643147;-0.01623287;-0.01654186;-0.01586920;-0.01628547;-0.01499659;-0.01470378;-0.01375154;-0.01072531;-0.01043019;-0.00548603;0.00222749;0.00110490;0.01678674;0.05578053;0.06981735;0.06191285;0.06344953;0.06511546;0.03423331;0.00693978;0.00135415;0.00024821
44.000;0.00039906;0.00210390;0.01047537;0.04605386;0.06627284;0.06228711;0.06382925;0.07037621;0.04670024;0.00929587;0.00028481;0.00042913;-0.00807106;-0.01123526;-0.01175372;-0.01488082;-0.01511942;-0.01576483;-0.01661993;-0.01622362;-0.01686770;-0.01638271;-0.01663612;-0.01638220;-0.01644178;-0.01643982;-0.01638837;-0.01663895;-0.01637914;-0.01686864;-0.01622115;-0.01661461;-0.01576202;-0.01512068;-0.01488073;-0.01175377;-0.01123536;-0.00807104;0.00042907;0.00028486;0.00929586;0.04670025;0.07037621;0.06382925;0.06228711;0.06627284;0.04605387;0.01047537;0.00210390;0.00039906
44.500;0.00063433;0.00323461;0.01566899;0.05574048;0.06591084;0.06161706;0.06650517;0.06860378;0.03641042;0.00369327;-0.00013161;-0.00187084;-0.01019135;-0.01189075;-0.01291106;-0.01578303;-0.01549332;-0.01652129;-0.01677647;-0.01656338;-0.01700734;-0.01649484;-0.01671488;-0.01640443;-0.01646283;-0.01646187;-0.01641029;-0.01672158;-0.01649091;-0.01700857;-0.01656582;-0.01678084;-0.01652245;-0.01549361;-0.01578070;-0.01291082;-0.01189098;-0.01019125;-0.00187093;-0.00013154;0.00369326;0.03641043;0.06860378;0.06650517;0.06161706;0.06591084;0.05574048;0.01566899;0.00323461;0.00063433
45.000;0.00099695;0.00492420;0.02377765;0.06226927;0.06478847;0.06176850;0.06931867;0.06407721;0.02597392;-0.00006691;-0.00056653;-0.00448003;-0.01183436;-0.01247656;-0.01416668;-0.01643283;-0.01588047;-0.01718894;-0.01682715;-0.01688151;-0.01696536;-0.01656367;-0.01665484;-0.01636429;-0.01638782;-0.01638849;-0.01636760;-0.01666251;-0.01656123;-0.01696629;-0.01688888;-0.01684177;-0.01719521;-0.01588029;-0.01642966;-0.01416627;-0.01247684;-0.01183425;-0.00448012;-0.00056645;-0.00006692;0.02597392;0.06407722;0.06931867;0.06176850;0.06478847;0.06226927;0.02377766;0.00492420;0.00099695
45.500;0.00154955;0.00743823;0.03514572;0.06566312;0.06347763;0.06296043;0.07139890;0.05686279;0.01637062;-0.00229745;-0.00131031;-0.00716757;-0.01305249;-0.01306885;-0.01544244;-0.01684144;-0.01633115;-0.01767788;-0.01684071;-0.01714673;-0.01678999;-0.01657684;-0.01646513;-0.01625160;-0.01621458;-0.01621670;-0.01625088;-0.01647004;-0.01657713;-0.01678990;-0.01715541;-0.01685846;-0.01768684;-0.01633121;-0.01683985;-0.01544215;-0.01306928;-0.01305243;-0.00716765;-0.00131031;-0.00229745;0.01637062;0.05686280;0.07139890;0.06296043;0.06347763;0.06566312;0.03514572;0.00743823;0.00154955
46.000;0.00238298;0.01115612;0.04713167;0.06660648;0.06241650;0.06517755;0.07181582;0.04751534;0.00830559;-0.00344570;-0.00251212;-0.00972057;-0.01392389;-0.01374925;-0.01662587;-0.01705343;-0.01686652;-0.01792342;-0.01686646;-0.01730549;-0.01654800;-0.01651657;-0.01617482;-0.01605643;-0.01594985;-0.01595241;-0.01605173;-0.01617424;-0.01651950;-0.01654657;-0.01731027;-0.01687617;-0.01793001;-0.01686695;-0.01705481;-0.01662574;-0.01374985;-0.01392394;-0.00972063;-0.00251223;-0.00344569;0.00830558;0.04751534;0.07181582;0.06517755;0.06241650;0.06660648;0.04713167;0.01115612;0.00238298
46.500;0.00362805;0.01658508;0.05688843;0.06600560;0.06198120;0.06807500;0.06981361;0.03694932;0.00211524;-0.00397367;-0.00419473;-0.01197856;-0.01452770;-0.01458930;-0.01760038;-0.01714134;-0.01745650;-0.01791176;-0.01691996;-0.01729588;-0.01629291;-0.01635832;-0.01581903;-0.01577116;-0.01560451;-0.01560628;-0.01576433;-0.01581284;-0.01636238;-0.01629051;-0.01729332;-0.01691369;-0.01791157;-0.01745655;-0.01714445;-0.01759997;-0.01459000;-0.01452783;-0.01197855;-0.00419492;-0.00397365;0.00211522;0.03694932;0.06981361;0.06807500;0.06198120;0.06600560;0.05688843;0.01658508;0.00362805
47.000;0.00547251;0.02501756;0.06334271;0.06468358;0.06248738;0.07097386;0.06501670;0.02622223;-0.00221637;-0.00428025;-0.00628277;-0.01384555;-0.01494423;-0.01561668;-0.01827927;-0.01719540;-0.01801507;-0.01768560;-0.01698163;-0.01707480;-0.01604442;-0.01607525;-0.01542406;-0.01539191;-0.01518883;-0.01518899;-0.01538598;-0.01541503;-0.01607813;-0.01604198;-0.01706587;-0.01696072;-0.01767811;-0.01801375;-0.01719690;-0.01827800;-0.01561755;-0.01494440;-0.01384543;-0.00628293;-0.00428021;-0.00221640;0.02622223;0.06501670;0.07097386;0.06248739;0.06468358;0.06334271;0.02501756;0.00547251
47.500;0.00819735;0.03679589;0.06649189;0.06328474;0.06410602;0.07297133;0.05754307;0.01629853;-0.00495849;-0.00466982;-0.00863480;-0.01528241;-0.01526955;-0.01678563;-0.01862910;-0.01730412;-0.01842261;-0.01732861;-0.01700596;-0.01664396;-0.01578728;-0.01564976;-0.01499872;-0.01491951;-0.01470983;-0.01470833;-0.01491706;-0.01499098;-0.01564946;-0.01578583;-0.01663363;-0.01698108;-0.01731789;-0.01842000;-0.01730160;-0.01862711;-0.01678683;-0.01526986;-0.01528224;-0.00863481;-0.00466978;-0.00495850;0.01629853;0.05754309;0.07297133;0.06410602;0.06328474;0.06649189;0.03679589;0.00819735
48.000;0.01220305;0.04915488;0.06703473;0.06231265;0.06674250;0.07314322;0.04798778;0.00786555;-0.00650334;-0.00535126;-0.01107421;-0.01629271;-0.01562291;-0.01797372;-0.01867591;-0.01752469;-0.01856891;-0.01693699;-0.01693583;-0.01605761;-0.01548518;-0.01508592;-0.01453482;-0.01436005;-0.01417091;-0.01416828;-0.01436157;-0.01453158;-0.01508210;-0.01548546;-0.01605163;-0.01692043;-0.01692900;-0.01856690;-0.01751948;-0.01867444;-0.01797521;-0.01562380;-0.01629261;-0.01107407;-0.00535125;-0.00650333;0.00786555;0.04798780;0.07314323;0.06674251;0.06231265;0.06703473;0.04915488;0.01220305
48.500;0.01801598;0.05909109;0.06593715;0.06218338;0.06995519;0.07078062;0.03728110;0.00125030;-0.00725566;-0.00644695;-0.01341660;-0.01691353;-0.01612933;-0.01901302;-0.01849754;-0.01785459;-0.01839691;-0.01658755;-0.01671653;-0.01540416;-0.01509932;-0.01441499;-0.01401577;-0.01372533;-0.01357350;-0.01357071;-0.01372913;-0.01401782;-0.01440945;-0.01510135;-0.01540515;-0.01671828;-0.01658607;-0.01839827;-0.01785140;-0.01849802;-0.01901361;-0.01613100;-0.01691359;-0.01341640;-0.00644700;-0.00725562;0.00125029;0.03728110;0.07078062;0.06995520;0.06218339;0.06593715;0.05909109;0.01801598
49.000;0.02706396;0.06537984;0.06412484;0.06320857;0.07297422;0.06558668;0.02646632;-0.00355400;-0.00757120;-0.00799855;-0.01549414;-0.01721675;-0.01687532;-0.01974273;-0.01820753;-0.01822093;-0.01792675;-0.01631190;-0.01630822;-0.01476888;-0.01460197;-0.01368801;-0.01342795;-0.01303344;-0.01292048;-0.01291865;-0.01303708;-0.01343374;-0.01368377;-0.01460466;-0.01477454;-0.01632443;-0.01631618;-0.01793258;-0.01822415;-0.01821008;-0.01974029;-0.01687713;-0.01721691;-0.01549402;-0.00799865;-0.00757114;-0.00355404;0.02646625;0.06558667;0.07297424;0.06320858;0.06412485;0.06537984;0.02706396
49.500;0.03969508;0.06787795;0.06237563;0.06549772;0.07483887;0.05776992;0.01646754;-0.00678265;-0.00774431;-0.00996687;-0.01717442;-0.01731699;-0.01786063;-0.02006095;-0.01793071;-0.01849790;-0.01724892;-0.01608634;-0.01569766;-0.01419685;-0.01398154;-0.01295693;-0.01276780;-0.01230665;-0.01221862;-0.01221878;-0.01230865;-0.01277458;-0.01295640;-0.01398304;-0.01420173;-0.01571791;-0.01609198;-0.01725638;-0.01850730;-0.01793381;-0.02005451;-0.01786140;-0.01731708;-0.01717448;-0.00996701;-0.00774426;-0.00678273;0.01646740;0.05776991;0.07483888;0.06549773;0.06237563;0.06787795;0.03969508
50.000;0.05163331;0.06652917;0.06074470;0.06816733;0.07384521;0.04726280;0.00720432;-0.00956154;-0.00881122;-0.01300195;-0.01917529;-0.01817594;-0.01977113;-0.02074643;-0.01855092;-0.01931773;-0.01724979;-0.01659262;-0.01564961;-0.01441249;-0.01397278;-0.01298093;-0.01276646;-0.01228907;-0.01220132;-0.01220384;-0.01228949;-0.01277150;-0.01298415;-0.01397131;-0.01441219;-0.01566298;-0.01659508;-0.01725288;-0.01932783;-0.01855291;-0.02073839;-0.01977012;-0.01817587;-0.01917550;-0.01300200;-0.00881120;-0.00956162;0.00720419;0.04726283;0.07384522;0.06816734;0.06074470;0.06652917;0.05163331
