0.000;0.00000000;0.00000000;0.00000000;0.00000000;0.00000000;0.00000000;0.00000000;0.00000000;0.00000000;0.00000000;0.00000000;0.00000000;0.00000000;0.00000000;0.00000000;0.00000000;0.00000000;0.00000000;0.00000000;0.00000000;0.00000000;0.00000000;0.00000000;0.00000000;0.00000000;0.00000000;0.00000000;0.00000000;0.00000000;0.00000000;0.00000000;0.00000000;0.00000000;0.00000000;0.00000000;0.00000000;0.00000000;0.00000000;0.00000000;0.00000000;0.00000000;0.00000000;0.00000000;0.00000000;0.00000000;0.00000000;0.00000000;0.00000000;0.00000000;0.00000000
0.500;-0.00000000;0.00000000;-0.00000000;-0.00000000;0.00000000;-0.00000000;0.00000000;-0.00000000;-0.00000000;-0.00000000;-0.00000000;-0.00000000;-0.00000000;-0.00000000;-0.00000000;-0.00000000;-0.00000000;-0.00000000;-0.00000000;-0.00000000;-0.00000000;-0.00000000;0.00000000;0.00000002;0.00002270;0.00002270;0.00000002;0.00000000;-0.00000000;-0.00000000;-0.00000000;-0.00000000;-0.00000000;-0.00000000;-0.00000000;-0.00000000;-0.00000000;-0.00000000;-0.00000000;-0.00000000;-0.00000000;-0.00000000;-0.00000000;-0.00000000;-0.00000000;-0.00000000;0.00000000;0.00000000;0.00000000;0.00000000
1.000;0.00000000;0.00000000;-0.00000000;-0.00000000;0.00000000;-0.00000000;-0.00000000;-0.00000000;-0.00000000;-0.00000000;-0.00000000;-0.00000000;-0.00000000;-0.00000000;-0.00000000;-0.00000000;-0.00000000;-0.00000000;-0.00000000;-0.00000000;-0.00000000;-0.00000000;0.00000001;0.00000274;0.00106792;0.00106792;0.00000274;0.00000001;-0.00000000;-0.00000000;-0.00000000;-0.00000000;-0.00000000;-0.00000000;-0.00000000;-0.00000000;-0.00000000;-0.00000000;-0.00000000;-0.00000000;-0.00000000;-0.00000000;-0.00000000;-0.00000000;-0.00000000;-0.00000000;0.00000000;0.00000000;0.00000000;0.00000000
1.500;0.00000000;0.00000000;-0.00000000;-0.00000000;0.00000000;0.00000000;-0.00000000;0.00000000;-0.00000000;-0.00000000;-0.00000000;-0.00000000;-0.00000000;-0.00000000;-0.00000000;-0.00000000;-0.00000000;-0.00000000;-0.00000000;-0.00000000;-0.00000000;0.00000000;0.00000020;0.00003846;0.00391483;0.00391483;0.00003846;0.00000020;0.00000000;-0.00000000;-0.00000000;-0.00000000;-0.00000000;-0.00000000;-0.00000000;-0.00000000;-0.00000000;-0.00000000;-0.00000000;-0.00000000;-0.00000000;-0.00000000;-0.00000000;-0.00000000;-0.00000000;-0.00000000;0.00000000;0.00000000;0.00000000;0.00000000
2.000;0.00000000;0.00000000;-0.00000000;-0.00000000;0.00000000;0.00000000;0.00000000;0.00000000;0.00000000;0.00000000;0.00000000;0.00000000;0.00000000;0.00000000;0.00000000;0.00000000;0.00000000;0.00000000;0.00000000;0.00000000;0.00000000;0.00000002;0.00000214;0.00021859;0.00709390;0.00709390;0.00021859;0.00000214;0.00000002;0.00000000;0.00000000;0.00000000;0.00000000;0.00000000;0.00000000;0.00000000;0.00000000;0.00000000;0.00000000;0.00000000;0.00000000;0.00000000;0.00000000;0.00000000;0.00000000;-0.00000000;0.00000000;0.00000000;0.00000000;0.00000000
2.500;0.00000000;-0.00000000;-0.00000000;-0.00000000;0.00000000;0.00000000;0.00000000;0.00000000;0.00000000;0.00000000;0.00000000;0.00000000;0.00000000;0.00000000;0.00000000;0.00000000;0.00000000;0.00000000;0.00000000;0.00000000;0.00000000;0.00000015;0.00001296;0.00084715;0.00919618;0.00919618;0.00084715;0.00001296;0.00000015;0.00000000;0.00000000;0.00000000;0.00000000;0.00000000;0.00000000;0.00000000;0.00000000;0.00000000;0.00000000;0.00000000;0.00000000;0.00000000;0.00000000;0.00000000;0.00000000;-0.00000000;0.00000000;0.00000000;0.00000000;0.00000000
3.000;0.00000000;-0.00000000;-0.00000000;-0.00000000;-0.00000000;0.00000000;0.00000000;0.00000000;0.00000000;0.00000000;0.00000000;0.00000000;0.00000000;0.00000000;0.00000000;0.00000000;0.00000000;0.00000000;0.00000000;0.00000000;0.00000001;0.00000091;0.00005847;0.00312995;0.01036492;0.01036492;0.00312995;0.00005847;0.00000091;0.00000001;0.00000000;0.00000000;0.00000000;0.00000000;0.00000000;0.00000000;0.00000000;0.00000000;0.00000000;0.00000000;0.00000000;0.00000000;0.00000000;0.00000000;0.00000000;-0.00000000;0.00000000;0.00000000;0.00000000;0.00000000
3.500;0.00000000;-0.00000000;-0.00000000;-0.00000000;-0.00000000;-0.00000000;-0.00000000;-0.00000000;-0.00000000;-0.00000000;-0.00000000;-0.00000000;-0.00000000;-0.00000000;-0.00000000;-0.00000000;-0.00000000;-0.00000000;-0.00000000;0.00000000;0.00000007;0.00000432;0.00022258;0.00771482;0.01124411;0.01124411;0.00771482;0.00022258;0.00000432;0.00000007;0.00000000;-0.00000000;-0.00000000;-0.00000000;-0.00000000;-0.00000000;-0.00000000;-0.00000000;-0.00000000;-0.00000000;-0.00000000;-0.00000000;-0.00000000;-0.00000000;-0.00000000;-0.00000000;0.00000000;0.00000000;0.00000000;0.00000000
4.000;0.00000000;-0.00000000;-0.00000000;0.00000000;-0.00000000;-0.00000000;-0.00000000;-0.00000000;-0.00000000;-0.00000000;-0.00000000;-0.00000000;-0.00000000;-0.00000000;-0.00000000;-0.00000000;-0.00000000;-0.00000000;0.00000000;0.00000001;0.00000035;0.00001729;0.00070798;0.01274531;0.01240015;0.01240015;0.01274531;0.00070798;0.00001729;0.00000035;0.00000001;0.00000000;-0.00000000;-0.00000000;-0.00000000;-0.00000000;-0.00000000;-0.00000000;-0.00000000;-0.00000000;-0.00000000;-0.00000000;-0.00000000;-0.00000000;-0.00000000;-0.00000000;0.00000000;0.00000000;0.00000000;0.00000000
4.500;0.00000000;-0.00000000;-0.00000000;0.00000000;-0.00000000;-0.00000000;-0.00000000;-0.00000000;-0.00000000;-0.00000000;-0.00000000;-0.00000000;-0.00000000;-0.00000000;-0.00000000;-0.00000000;-0.00000000;-0.00000000;0.00000000;0.00000003;0.00000145;0.00005977;0.00193047;0.01631788;0.01399373;0.01399373;0.01631788;0.00193047;0.00005977;0.00000145;0.00000003;0.00000000;-0.00000000;-0.00000000;-0.00000000;-0.00000000;-0.00000000;-0.00000000;-0.00000000;-0.00000000;-0.00000000;-0.00000000;-0.00000000;-0.00000000;-0.00000000;0.00000000;0.00000000;0.00000000;0.00000000;0.00000000
5.000;-0.00000000;-0.00000000;-0.00000000;0.00000000;0.00000000;0.00000000;-0.00000000;0.00000000;0.00000000;-0.00000000;-0.00000000;-0.00000000;-0.00000000;0.00000000;0.00000000;0.00000000;0.00000000;0.00000000;0.00000000;0.00000013;0.00000529;0.00018369;0.00517714;0.01819913;0.01581407;0.01581407;0.01819913;0.00517714;0.00018369;0.00000529;0.00000013;0.00000000;0.00000000;0.00000000;0.00000000;0.00000000;0.00000000;0.00000000;-0.00000000;-0.00000000;-0.00000000;-0.00000000;0.00000000;0.00000000;0.00000000;0.00000000;0.00000000;0.00000000;0.00000000;0.00000000
5.500;-0.00000000;0.00000000;-0.00000000;0.00000000;0.00000000;0.00000000;0.00000000;0.00000000;0.00000000;0.00000000;0.00000000;0.00000000;0.00000000;0.00000000;0.00000000;0.00000000;0.00000000;0.00000000;0.00000001;0.00000049;0.00001726;0.00051814;0.01107657;0.01896247;0.01755739;0.01755739;0.01896247;0.01107657;0.00051814;0.00001726;0.00000049;0.00000001;0.00000000;0.00000000;0.00000000;0.00000000;0.00000000;0.00000000;0.00000000;0.00000000;0.00000000;0.00000000;0.00000000;0.00000000;0.00000000;0.00000000;0.00000000;0.00000000;0.00000000;0.00000000
6.000;-0.00000000;0.00000000;-0.00000000;-0.00000000;0.00000000;0.00000000;0.00000000;0.00000000;0.00000000;0.00000000;0.00000000;0.00000000;0.00000000;0.00000000;0.00000000;0.00000000;0.00000000;0.00000000;0.00000005;0.00000167;0.00005159;0.00133015;0.01760377;0.01945166;0.01908300;0.01908300;0.01945166;0.01760377;0.00133015;0.00005159;0.00000167;0.00000005;0.00000000;0.00000000;0.00000000;0.00000000;0.00000000;0.00000000;0.00000000;0.00000000;0.00000000;0.00000000;0.00000000;0.00000000;0.00000000;0.00000000;-0.00000000;0.00000000;0.00000000;0.00000000
6.500;-0.00000000;0.00000000;-0.00000000;-0.00000000;0.00000000;0.00000000;0.00000000;0.00000000;0.00000000;0.00000000;0.00000000;0.00000000;0.00000000;0.00000000;0.00000000;0.00000000;0.00000000;0.00000000;0.00000016;0.00000524;0.00014251;0.00310613;0.02256657;0.02029083;0.02046825;0.02046825;0.02029083;0.02256657;0.00310613;0.00014251;0.00000524;0.00000016;0.00000000;0.00000000;0.00000000;0.00000000;0.00000000;0.00000000;0.00000000;0.00000000;0.00000000;0.00000000;0.00000000;0.00000000;0.00000000;-0.00000000;-0.00000000;0.00000000;0.00000000;0.00000000
7.000;-0.00000000;0.00000000;0.00000000;-0.00000000;-0.00000000;-0.00000000;0.00000000;0.00000000;0.00000000;0.00000000;0.00000000;0.00000000;-0.00000000;-0.00000000;-0.00000000;-0.00000000;0.00000000;0.00000002;0.00000054;0.00001520;0.00036670;0.00718088;0.02542894;0.02164474;0.02187410;0.02187410;0.02164474;0.02542894;0.00718088;0.00036670;0.00001520;0.00000054;0.00000002;0.00000000;-0.00000000;-0.00000000;-0.00000000;-0.00000000;0.00000000;0.00000000;0.00000000;0.00000000;0.00000000;0.00000000;-0.00000000;-0.00000000;-0.00000000;0.00000000;0.00000000;0.00000000
7.500;-0.00000000;-0.00000000;0.00000000;-0.00000000;-0.00000000;-0.00000000;-0.00000000;-0.00000000;-0.00000000;-0.00000000;-0.00000000;-0.00000000;-0.00000000;-0.00000000;-0.00000000;-0.00000000;0.00000000;0.00000006;0.00000164;0.00004132;0.00089079;0.01416866;0.02657489;0.02329549;0.02337275;0.02337275;0.02329549;0.02657489;0.01416866;0.00089079;0.00004132;0.00000164;0.00000006;0.00000000;-0.00000000;-0.00000000;-0.00000000;-0.00000000;-0.00000000;-0.00000000;-0.00000000;-0.00000000;-0.00000000;-0.00000000;-0.00000000;-0.00000000;-0.00000000;0.00000000;0.00000000;0.00000000
8.000;-0.00000000;-0.00000000;0.00000000;-0.00000000;-0.00000000;-0.00000000;-0.00000000;-0.00000000;-0.00000000;-0.00000000;-0.00000000;-0.00000000;-0.00000000;-0.00000000;-0.00000000;-0.00000000;0.00000001;0.00000018;0.00000466;0.00010602;0.00202985;0.02193886;0.02686210;0.02490394;0.02488494;0.02488494;0.02490394;0.02686210;0.02193886;0.00202985;0.00010602;0.00000466;0.00000018;0.00000001;-0.00000000;-0.00000000;-0.00000000;-0.00000000;-0.00000000;-0.00000000;-0.00000000;-0.00000000;-0.00000000;-0.00000000;-0.00000000;-0.00000000;-0.00000000;0.00000000;-0.00000000;0.00000000
8.500;0.00000000;-0.00000000;0.00000000;0.00000000;-0.00000000;-0.00000000;-0.00000000;-0.00000000;-0.00000000;-0.00000000;-0.00000000;-0.00000000;-0.00000000;-0.00000000;-0.00000000;0.00000000;0.00000002;0.00000052;0.00001248;0.00025780;0.00431775;0.02811640;0.02712378;0.02625788;0.02625701;0.02625701;0.02625788;0.02712378;0.02811640;0.00431775;0.00025781;0.00001248;0.00000052;0.00000002;0.00000000;-0.00000000;-0.00000000;-0.00000000;-0.00000000;-0.00000000;-0.00000000;-0.00000000;-0.00000000;-0.00000000;-0.00000000;-0.00000000;0.00000000;0.00000000;-0.00000000;0.00000000
9.000;0.00000000;-0.00000000;0.00000000;0.00000000;0.00000000;-0.00000000;-0.00000000;-0.00000000;-0.00000000;-0.00000000;-0.00000000;-0.00000000;-0.00000000;0.00000000;0.00000000;0.00000000;0.00000006;0.00000147;0.00003177;0.00059568;0.00911622;0.03195597;0.02781774;0.02736243;0.02738857;0.02738857;0.02736243;0.02781774;0.03195597;0.00911622;0.00059568;0.00003177;0.00000147;0.00000006;0.00000000;0.00000000;0.00000000;-0.00000000;-0.00000000;-0.00000000;-0.00000000;-0.00000000;-0.00000000;-0.00000000;-0.00000000;0.00000000;0.00000000;0.00000000;-0.00000000;0.00000000
9.500;0.00000000;0.00000000;-0.00000000;0.00000000;0.00000000;0.00000000;0.00000000;0.00000000;-0.00000000;-0.00000000;-0.00000000;-0.00000000;0.00000000;0.00000000;0.00000000;0.00000001;0.00000017;0.00000388;0.00007717;0.00131711;0.01702185;0.03367078;0.02894917;0.02835751;0.02829621;0.02829621;0.02835751;0.02894917;0.03367078;0.01702185;0.00131711;0.00007717;0.00000388;0.00000017;0.00000001;0.00000000;0.00000000;0.00000000;-0.00000000;-0.00000000;-0.00000000;-0.00000000;0.00000000;0.00000000;0.00000000;0.00000000;0.00000000;0.00000000;-0.00000000;0.00000000
10.000;-0.00000000;0.00000000;-0.00000000;0.00000000;0.00000000;0.00000000;0.00000000;0.00000000;0.00000000;0.00000000;0.00000000;0.00000000;0.00000000;0.00000000;0.00000000;0.00000002;0.00000047;0.00000982;0.00017959;0.00277303;0.02582651;0.03404871;0.03022671;0.02936085;0.02907041;0.02907041;0.02936085;0.03022671;0.03404871;0.02582651;0.00277303;0.00017959;0.00000982;0.00000047;0.00000002;0.00000000;0.00000000;0.00000000;0.00000000;0.00000000;-0.00000000;0.00000000;0.00000000;0.00000000;0.00000000;0.00000000;0.00000000;-0.00000000;-0.00000000;0.00000000
10.500;-0.00000000;0.00000000;-0.00000000;-0.00000000;0.00000000;0.00000000;0.00000000;0.00000000;0.00000000;0.00000000;0.00000000;0.00000000;0.00000000;0.00000000;0.00000000;0.00000006;0.00000124;0.00002380;0.00040102;0.00552856;0.03303151;0.03398103;0.03131810;0.03036359;0.02977860;0.02977860;0.03036359;0.03131810;0.03398103;0.03303151;0.00552856;0.00040102;0.00002380;0.00000124;0.00000006;0.00000000;0.00000000;0.00000000;0.00000000;0.00000000;0.00000000;0.00000000;0.00000000;0.00000000;0.00000000;0.00000000;-0.00000000;-0.00000000;0.00000000;0.00000000
11.000;-0.00000000;0.00000000;-0.00000000;-0.00000000;-0.00000000;0.00000000;0.00000000;0.00000000;0.00000000;0.00000000;0.00000000;0.00000000;0.00000000;0.00000000;0.00000001;0.00000015;0.00000311;0.00005545;0.00085995;0.01095758;0.03774971;0.03408417;0.03205239;0.03124291;0.03040479;0.03040479;0.03124291;0.03205239;0.03408417;0.03774971;0.01095758;0.00085995;0.00005545;0.00000311;0.00000015;0.00000001;0.00000000;0.00000000;0.00000000;0.00000000;0.00000000;0.00000000;0.00000000;0.00000000;0.00000000;-0.00000000;-0.00000000;-0.00000000;0.00000000;-0.00000000
11.500;0.00000000;-0.00000000;-0.00000000;-0.00000000;-0.00000000;-0.00000000;-0.00000000;-0.00000000;0.00000000;0.00000000;0.00000000;0.00000000;0.00000000;0.00000000;0.00000002;0.00000040;0.00000751;0.00012457;0.00177862;0.01963466;0.04006426;0.03454879;0.03247444;0.03186061;0.03087269;0.03087269;0.03186061;0.03247444;0.03454879;0.04006426;0.01963466;0.00177862;0.00012457;0.00000751;0.00000040;0.00000002;0.00000000;0.00000000;0.00000000;0.00000000;0.00000000;0.00000000;0.00000000;-0.00000000;-0.00000000;-0.00000000;-0.00000000;-0.00000000;0.00000000;-0.00000000
12.000;0.00000000;-0.00000000;0.00000000;-0.00000000;-0.00000000;-0.00000000;-0.00000000;-0.00000000;-0.00000000;-0.00000000;-0.00000000;-0.00000000;-0.00000000;0.00000000;0.00000005;0.00000100;0.00001751;0.00027035;0.00353401;0.02928990;0.04067867;0.03521080;0.03275628;0.03216047;0.03112253;0.03112253;0.03216047;0.03275628;0.03521080;0.04067867;0.02928990;0.00353401;0.00027035;0.00001751;0.00000100;0.00000005;0.00000000;-0.00000000;-0.00000000;-0.00000000;0.00000000;-0.00000000;-0.00000000;-0.00000000;-0.00000000;-0.00000000;-0.00000000;0.00000000;0.00000000;-0.00000000
12.500;0.00000000;-0.00000000;0.00000000;0.00000000;-0.00000000;-0.00000000;-0.00000000;-0.00000000;-0.00000000;-0.00000000;-0.00000000;-0.00000000;-0.00000000;0.00000000;0.00000013;0.00000241;0.00003948;0.00056706;0.00671013;0.03733856;0.04047060;0.03575783;0.03304920;0.03219310;0.03116946;0.03116946;0.03219310;0.03304920;0.03575783;0.04047060;0.03733856;0.00671013;0.00056706;0.00003948;0.00000241;0.00000013;0.00000000;-0.00000000;-0.00000000;-0.00000000;-0.00000000;-0.00000000;-0.00000000;-0.00000000;-0.00000000;-0.00000000;0.00000000;0.00000000;0.00000000;-0.00000000
13.000;0.00000000;-0.00000000;0.00000000;0.00000000;0.00000000;-0.00000000;-0.00000000;-0.00000000;-0.00000000;-0.00000000;-0.00000000;-0.00000000;-0.00000000;0.00000002;0.00000033;0.00000563;0.00008623;0.00114970;0.01268197;0.04279957;0.04011861;0.03594808;0.03337957;0.03206391;0.03109494;0.03109494;0.03206391;0.03337957;0.03594808;0.04011861;0.04279957;0.01268197;0.00114970;0.00008623;0.00000563;0.00000033;0.00000002;-0.00000000;-0.00000000;-0.00000000;-0.00000000;-0.00000000;-0.00000000;-0.00000000;-0.00000000;0.00000000;0.00000000;0.00000000;-0.00000000;-0.00000000
13.500;0.00000000;0.00000000;-0.00000000;0.00000000;0.00000000;0.00000000;0.00000000;0.00000000;-0.00000000;-0.00000000;-0.00000000;-0.00000000;0.00000000;0.00000004;0.00000079;0.00001273;0.00018269;0.00225976;0.02199847;0.04566484;0.03992910;0.03573789;0.03364673;0.03185800;0.03098464;0.03098464;0.03185800;0.03364673;0.03573789;0.03992910;0.04566484;0.02199847;0.00225976;0.00018269;0.00001273;0.00000079;0.00000004;0.00000000;-0.00000000;-0.00000000;-0.00000000;-0.00000000;-0.00000000;0.00000000;0.00000000;0.00000000;0.00000000;-0.00000000;-0.00000000;0.00000000
14.000;-0.00000000;0.00000000;-0.00000000;0.00000000;0.00000000;0.00000000;0.00000000;0.00000000;0.00000000;0.00000000;0.00000000;0.00000000;0.00000001;0.00000011;0.00000184;0.00002794;0.00037582;0.00429212;0.03233843;0.04656343;0.03986306;0.03527570;0.03370808;0.03160415;0.03087022;0.03087022;0.03160415;0.03370808;0.03527570;0.03986306;0.04656343;0.03233843;0.00429212;0.00037582;0.00002794;0.00000184;0.00000011;0.00000001;0.00000000;0.00000000;0.00000000;0.00000000;0.00000000;0.00000000;0.00000000;0.00000000;0.00000000;-0.00000000;-0.00000000;0.00000000
14.500;-0.00000000;0.00000000;-0.00000000;-0.00000000;0.00000000;0.00000000;0.00000000;0.00000000;0.00000000;0.00000000;0.00000000;0.00000000;0.00000002;0.00000026;0.00000417;0.00005961;0.00075074;0.00783999;0.04105706;0.04633153;0.03969560;0.03479069;0.03348269;0.03129749;0.03072388;0.03072388;0.03129749;0.03348269;0.03479069;0.03969560;0.04633153;0.04105706;0.00783999;0.00075074;0.00005961;0.00000417;0.00000026;0.00000002;0.00000000;0.00000000;0.00000000;0.00000000;0.00000000;0.00000000;0.00000000;0.00000000;-0.00000000;-0.00000000;0.00000000;0.00000000
15.000;-0.00000000;0.00000000;0.00000000;-0.00000000;-0.00000000;0.00000000;0.00000000;0.00000000;0.00000000;0.00000000;0.00000000;0.00000000;0.00000004;0.00000061;0.00000918;0.00012378;0.00145596;0.01427129;0.04711392;0.04565425;0.03921083;0.03445316;0.03300403;0.03094898;0.03050528;0.03050528;0.03094898;0.03300403;0.03445316;0.03921083;0.04565425;0.04711392;0.01427129;0.00145596;0.00012378;0.00000918;0.00000061;0.00000004;0.00000000;0.00000000;0.00000000;0.00000000;0.00000000;0.00000000;0.00000000;-0.00000000;-0.00000000;-0.00000000;0.00000000;0.00000000
15.500;-0.00000000;0.00000000;0.00000000;-0.00000000;-0.00000000;-0.00000000;-0.00000000;-0.00000000;-0.00000000;-0.00000000;0.00000000;0.00000001;0.00000009;0.00000138;0.00001968;0.00025031;0.00274727;0.02410702;0.05044195;0.04489730;0.03834381;0.03428819;0.03239596;0.03061091;0.03021629;0.03021629;0.03061091;0.03239596;0.03428819;0.03834381;0.04489730;0.05044195;0.02410702;0.00274727;0.00025031;0.00001968;0.00000138;0.00000009;0.00000001;0.00000000;0.00000000;-0.00000000;-0.00000000;-0.00000000;-0.00000000;-0.00000000;-0.00000000;0.00000000;0.00000000;-0.00000000
16.000;-0.00000000;-0.00000000;0.00000000;0.00000000;-0.00000000;-0.00000000;-0.00000000;-0.00000000;-0.00000000;-0.00000000;-0.00000000;0.00000001;0.00000020;0.00000305;0.00004117;0.00049326;0.00503068;0.03498279;0.05161323;0.04412040;0.03721906;0.03418487;0.03180121;0.03035440;0.02991595;0.02991595;0.03035440;0.03180121;0.03418487;0.03721906;0.04412040;0.05161323;0.03498279;0.00503068;0.00049326;0.00004117;0.00000305;0.00000020;0.00000001;-0.00000000;-0.00000000;-0.00000000;-0.00000000;-0.00000000;-0.00000000;-0.00000000;-0.00000000;0.00000000;0.00000000;-0.00000000
16.500;0.00000000;-0.00000000;0.00000000;0.00000000;-0.00000000;-0.00000000;-0.00000000;-0.00000000;-0.00000000;-0.00000000;0.00000000;0.00000003;0.00000046;0.00000657;0.00008403;0.00094699;0.00890110;0.04421277;0.05141726;0.04320696;0.03608482;0.03398482;0.03131703;0.03021974;0.02968550;0.02968550;0.03021974;0.03131703;0.03398482;0.03608482;0.04320696;0.05141727;0.04421277;0.00890110;0.00094699;0.00008403;0.00000657;0.00000046;0.00000003;0.00000000;-0.00000000;-0.00000000;-0.00000000;-0.00000000;-0.00000000;-0.00000000;0.00000000;0.00000000;-0.00000000;-0.00000000
17.000;0.00000000;-0.00000000;-0.00000000;0.00000000;0.00000000;-0.00000000;-0.00000000;0.00000000;0.00000000;0.00000000;0.00000000;0.00000007;0.00000102;0.00001382;0.00016747;0.00177068;0.01571364;0.05072239;0.05051925;0.04202571;0.03518726;0.03358950;0.03097628;0.03018512;0.02957556;0.02957556;0.03018512;0.03097628;0.03358950;0.03518726;0.04202571;0.05051925;0.05072239;0.01571364;0.00177068;0.00016747;0.00001382;0.00000102;0.00000007;0.00000000;-0.00000000;0.00000000;0.00000000;-0.00000000;-0.00000000;0.00000000;0.00000000;-0.00000000;-0.00000000;-0.00000000
17.500;0.00000000;-0.00000000;-0.00000000;0.00000000;0.00000000;0.00000000;0.00000000;0.00000000;0.00000000;0.00000000;0.00000001;0.00000016;0.00000221;0.00002843;0.00032598;0.00323010;0.02596051;0.05441104;0.04930861;0.04055371;0.03465244;0.03302134;0.03077126;0.03018295;0.02957915;0.02957915;0.03018295;0.03077126;0.03302134;0.03465244;0.04055371;0.04930861;0.05441104;0.02596051;0.00323010;0.00032598;0.00002843;0.00000221;0.00000016;0.00000001;0.00000000;0.00000000;0.00000000;0.00000000;0.00000000;0.00000000;0.00000000;-0.00000000;-0.00000000;0.00000000
18.000;0.00000000;0.00000000;-0.00000000;-0.00000000;0.00000000;0.00000000;0.00000000;0.00000000;0.00000000;0.00000000;0.00000002;0.00000035;0.00000468;0.00005716;0.00061986;0.00573684;0.03724103;0.05581214;0.04791735;0.03892076;0.03443626;0.03240824;0.03068701;0.03015222;0.02964871;0.02964871;0.03015222;0.03068701;0.03240824;0.03443626;0.03892076;0.04791734;0.05581214;0.03724103;0.00573684;0.00061986;0.00005716;0.00000468;0.00000035;0.00000002;0.00000000;0.00000000;0.00000000;0.00000000;0.00000000;0.00000000;-0.00000000;-0.00000000;-0.00000000;0.00000000
18.500;0.00000000;0.00000000;-0.00000000;-0.00000000;0.00000000;0.00000000;0.00000000;0.00000000;0.00000000;0.00000000;0.00000005;0.00000075;0.00000969;0.00011247;0.00115112;0.00988191;0.04684265;0.05567422;0.04633529;0.03736910;0.03436469;0.03191001;0.03071190;0.03008463;0.02973698;0.02973698;0.03008464;0.03071189;0.03191001;0.03436469;0.03736910;0.04633529;0.05567422;0.04684265;0.00988191;0.00115112;0.00011247;0.00000969;0.00000075;0.00000005;0.00000000;0.00000000;0.00000000;0.00000000;0.00000000;0.00000000;-0.00000000;-0.00000000;0.00000000;0.00000000
19.000;-0.00000000;0.00000000;0.00000000;-0.00000000;-0.00000000;-0.00000000;-0.00000000;-0.00000000;-0.00000000;0.00000001;0.00000012;0.00000160;0.00001963;0.00021658;0.00208695;0.01700396;0.05367508;0.05463427;0.04454131;0.03615361;0.03423853;0.03163684;0.03082161;0.03002756;0.02982452;0.02982452;0.03002756;0.03082161;0.03163684;0.03423853;0.03615361;0.04454131;0.05463427;0.05367508;0.01700396;0.00208695;0.00021658;0.00001963;0.00000160;0.00000012;0.00000001;-0.00000000;-0.00000000;-0.00000000;-0.00000000;-0.00000000;-0.00000000;0.00000000;0.00000000;0.00000000
19.500;-0.00000000;0.00000000;0.00000000;0.00000000;-0.00000000;-0.00000000;-0.00000000;-0.00000000;0.00000000;0.00000002;0.00000025;0.00000332;0.00003896;0.00040817;0.00369944;0.02756691;0.05762342;0.05308701;0.04259333;0.03543007;0.03394304;0.03160616;0.03096082;0.03004169;0.02991327;0.02991327;0.03004169;0.03096082;0.03160616;0.03394304;0.03543007;0.04259333;0.05308701;0.05762342;0.02756691;0.00369944;0.00040817;0.00003896;0.00000332;0.00000025;0.00000002;-0.00000000;-0.00000000;-0.00000000;-0.00000000;-0.00000000;0.00000000;0.00000000;0.00000000;-0.00000000
20.000;-0.00000000;-0.00000000;0.00000000;0.00000000;-0.00000000;-0.00000000;-0.00000000;-0.00000000;0.00000000;0.00000004;0.00000055;0.00000678;0.00007579;0.00075292;0.00640143;0.03913998;0.05919885;0.05121696;0.04065332;0.03518461;0.03350284;0.03175232;0.03105016;0.03014718;0.02999800;0.02999800;0.03014717;0.03105016;0.03175232;0.03350284;0.03518461;0.04065332;0.05121696;0.05919885;0.03913998;0.00640143;0.00075291;0.00007579;0.00000678;0.00000055;0.00000004;0.00000000;-0.00000000;-0.00000000;-0.00000000;0.00000000;0.00000000;0.00000000;-0.00000000;-0.00000000
20.500;-0.00000000;-0.00000000;-0.00000000;0.00000000;0.00000000;-0.00000000;-0.00000000;0.00000000;0.00000001;0.00000009;0.00000115;0.00001356;0.00014455;0.00135892;0.01077609;0.04899475;0.05911920;0.04910912;0.03894938;0.03523986;0.03305574;0.03196892;0.03102267;0.03029889;0.03004637;0.03004637;0.03029888;0.03102267;0.03196892;0.03305574;0.03523986;0.03894938;0.04910912;0.05911920;0.04899474;0.01077609;0.00135892;0.00014455;0.00001356;0.00000115;0.00000009;0.00000001;0.00000000;0.00000000;0.00000000;0.00000000;0.00000000;-0.00000000;-0.00000000;-0.00000000
21.000;0.00000000;-0.00000000;-0.00000000;-0.00000000;0.00000000;0.00000000;0.00000000;0.00000000;0.00000001;0.00000019;0.00000235;0.00002661;0.00027027;0.00239910;0.01814371;0.05603838;0.05799509;0.04685554;0.03769608;0.03533753;0.03276581;0.03215021;0.03086429;0.03040668;0.03000783;0.03000783;0.03040667;0.03086429;0.03215022;0.03276581;0.03533753;0.03769608;0.04685554;0.05799509;0.05603838;0.01814371;0.00239910;0.00027027;0.00002661;0.00000235;0.00000019;0.00000001;0.00000000;0.00000000;0.00000000;0.00000000;-0.00000000;-0.00000000;-0.00000000;0.00000000
21.500;0.00000000;0.00000000;-0.00000000;-0.00000000;0.00000000;0.00000000;0.00000000;0.00000000;0.00000003;0.00000040;0.00000474;0.00005124;0.00049536;0.00414881;0.02894153;0.06015571;0.05621964;0.04460937;0.03700626;0.03525857;0.03272762;0.03221103;0.03062376;0.03038178;0.02984334;0.02984334;0.03038178;0.03062376;0.03221103;0.03272762;0.03525857;0.03700626;0.04460937;0.05621964;0.06015571;0.02894153;0.00414881;0.00049536;0.00005124;0.00000474;0.00000040;0.00000003;0.00000000;0.00000000;0.00000000;-0.00000000;-0.00000000;-0.00000000;-0.00000000;0.00000000
22.000;0.00000000;0.00000000;-0.00000000;-0.00000000;-0.00000000;0.00000000;0.00000000;0.00000000;0.00000006;0.00000082;0.00000937;0.00009688;0.00088997;0.00701890;0.04071421;0.06184921;0.05401670;0.04257794;0.03683253;0.03492127;0.03291343;0.03208903;0.03037775;0.03017408;0.02954810;0.02954811;0.03017409;0.03037776;0.03208902;0.03291343;0.03492127;0.03683253;0.04257794;0.05401670;0.06184921;0.04071421;0.00701890;0.00088997;0.00009689;0.00000937;0.00000082;0.00000006;0.00000000;0.00000000;-0.00000000;-0.00000000;-0.00000000;-0.00000000;0.00000000;0.00000000
22.500;0.00000000;0.00000000;0.00000000;-0.00000000;-0.00000000;0.00000000;0.00000000;0.00000001;0.00000014;0.00000166;0.00001820;0.00017984;0.00156691;0.01158215;0.05072558;0.06181723;0.05155212;0.04097133;0.03696856;0.03440734;0.03318510;0.03174687;0.03017155;0.02977798;0.02914600;0.02914601;0.02977799;0.03017156;0.03174686;0.03318510;0.03440734;0.03696856;0.04097133;0.05155212;0.06181723;0.05072558;0.01158215;0.00156691;0.00017984;0.00001820;0.00000166;0.00000014;0.00000001;0.00000000;-0.00000000;-0.00000000;-0.00000000;0.00000000;0.00000000;0.00000000
23.000;-0.00000000;0.00000000;0.00000000;0.00000000;-0.00000000;0.00000000;0.00000000;0.00000002;0.00000029;0.00000331;0.00003475;0.00032771;0.00270282;0.01914008;0.05788926;0.06065069;0.04902089;0.03993268;0.03711802;0.03390334;0.03335465;0.03118463;0.02997607;0.02921265;0.02866023;0.02866024;0.02921266;0.02997605;0.03118460;0.03335465;0.03390335;0.03711802;0.03993268;0.04902089;0.06065069;0.05788926;0.01914008;0.00270282;0.00032771;0.00003475;0.00000331;0.00000029;0.00000002;0.00000000;-0.00000000;0.00000000;0.00000000;0.00000000;0.00000000;-0.00000000
23.500;-0.00000000;-0.00000000;0.00000000;0.00000000;0.00000000;0.00000000;0.00000000;0.00000005;0.00000059;0.00000648;0.00006519;0.00058615;0.00457396;0.03010566;0.06209953;0.05874077;0.04666757;0.03947758;0.03700822;0.03358909;0.03325531;0.03045296;0.02969211;0.02850033;0.02808597;0.02808598;0.02850031;0.02969204;0.03045293;0.03325531;0.03358909;0.03700822;0.03947758;0.04666757;0.05874077;0.06209953;0.03010566;0.00457396;0.00058615;0.00006519;0.00000648;0.00000059;0.00000005;0.00000000;0.00000000;0.00000000;0.00000000;0.00000000;-0.00000000;-0.00000000
24.000;-0.00000000;-0.00000000;-0.00000000;0.00000000;0.00000000;0.00000000;0.00000001;0.00000010;0.00000118;0.00001248;0.00012022;0.00102894;0.00758692;0.04200380;0.06386052;0.05634230;0.04474446;0.03946646;0.03650064;0.03353223;0.03278929;0.02964649;0.02919949;0.02766073;0.02738890;0.02738891;0.02766070;0.02919941;0.02964647;0.03278930;0.03353223;0.03650064;0.03946646;0.04474446;0.05634230;0.06386052;0.04200380;0.00758692;0.00102894;0.00012022;0.00001248;0.00000118;0.00000010;0.00000001;0.00000000;0.00000000;0.00000000;0.00000000;-0.00000000;-0.00000000
24.500;0.00000000;-0.00000000;-0.00000000;0.00000000;0.00000000;0.00000000;0.00000002;0.00000021;0.00000232;0.00002364;0.00021790;0.00177237;0.01230273;0.05209636;0.06386157;0.05368720;0.04343896;0.03962661;0.03564601;0.03364230;0.03194105;0.02886596;0.02841836;0.02671903;0.02653085;0.02653085;0.02671902;0.02841833;0.02886598;0.03194106;0.03364229;0.03564600;0.03962661;0.04343896;0.05368720;0.06386157;0.05209636;0.01230273;0.00177237;0.00021790;0.00002364;0.00000232;0.00000021;0.00000002;0.00000000;0.00000000;-0.00000000;-0.00000000;-0.00000000;-0.00000000
25.000;0.00000000;0.00000000;-0.00000000;-0.00000000;0.00000000;0.00000000;0.00000004;0.00000042;0.00000449;0.00004403;0.00038814;0.00299516;0.02000483;0.05930913;0.06268208;0.05105641;0.04280586;0.03962568;0.03465359;0.03370375;0.03076626;0.02816292;0.02734436;0.02570993;0.02550057;0.02550055;0.02570999;0.02734446;0.02816301;0.03076627;0.03370374;0.03465359;0.03962567;0.04280586;0.05105641;0.06268208;0.05930913;0.02000483;0.00299516;0.00038814;0.00004403;0.00000449;0.00000042;0.00000004;0.00000000;-0.00000000;-0.00000000;-0.00000000;-0.00000000;0.00000000
25.500;0.00000000;0.00000000;-0.00000000;-0.00000000;0.00000000;0.00000001;0.00000007;0.00000083;0.00000858;0.00008072;0.00067933;0.00497275;0.03108475;0.06355203;0.06071403;0.04877124;0.04273192;0.03917872;0.03378493;0.03346557;0.02937224;0.02750026;0.02604114;0.02466510;0.02432419;0.02432416;0.02466521;0.02604139;0.02750042;0.02937223;0.03346556;0.03378493;0.03917872;0.04273192;0.04877124;0.06071403;0.06355203;0.03108475;0.00497275;0.00067933;0.00008072;0.00000858;0.00000083;0.00000007;0.00000000;-0.00000000;-0.00000000;-0.00000000;0.00000000;0.00000000
26.000;0.00000000;0.00000000;0.00000000;-0.00000000;0.00000000;0.00000001;0.00000015;0.00000162;0.00001613;0.00014558;0.00116818;0.00810601;0.04305165;0.06533841;0.05823781;0.04711929;0.04294658;0.03815201;0.03322031;0.03273959;0.02789612;0.02675875;0.02460337;0.02359052;0.02304847;0.02304845;0.02359063;0.02460368;0.02675889;0.02789610;0.03273960;0.03322032;0.03815201;0.04294659;0.04711929;0.05823781;0.06533841;0.04305165;0.00810601;0.00116818;0.00014558;0.00001613;0.00000162;0.00000015;0.00000001;0.00000000;-0.00000000;0.00000000;0.00000000;0.00000000
26.500;-0.00000000;0.00000000;0.00000000;0.00000000;0.00000000;0.00000003;0.00000030;0.00000312;0.00002986;0.00025833;0.00197338;0.01294382;0.05316920;0.06535728;0.05553752;0.04625927;0.04307999;0.03661992;0.03296211;0.03146312;0.02647603;0.02579189;0.02311869;0.02245469;0.02171284;0.02171282;0.02245472;0.02311889;0.02579190;0.02647600;0.03146314;0.03296211;0.03661992;0.04308000;0.04625927;0.05553752;0.06535728;0.05316920;0.01294382;0.00197338;0.00025833;0.00002986;0.00000312;0.00000030;0.00000003;0.00000000;0.00000000;0.00000000;0.00000000;0.00000000
27.000;-0.00000000;-0.00000000;0.00000000;0.00000000;0.00000000;0.00000005;0.00000059;0.00000591;0.00005443;0.00045088;0.00327451;0.02075297;0.06037846;0.06418455;0.05296062;0.04615106;0.04275724;0.03484353;0.03282137;0.02970701;0.02521138;0.02450004;0.02164845;0.02120339;0.02033375;0.02033376;0.02120330;0.02164833;0.02449984;0.02521136;0.02970705;0.03282137;0.03484352;0.04275724;0.04615106;0.05296062;0.06418455;0.06037846;0.02075297;0.00327451;0.00045088;0.00005443;0.00000591;0.00000059;0.00000005;0.00000001;0.00000000;0.00000000;-0.00000000;-0.00000000
27.500;-0.00000000;-0.00000000;-0.00000000;0.00000000;0.00000001;0.00000011;0.00000114;0.00001104;0.00009773;0.00077396;0.00534494;0.03190657;0.06460843;0.06221679;0.05088563;0.04654123;0.04170601;0.03317004;0.03249287;0.02763970;0.02412196;0.02288073;0.02022633;0.01979533;0.01891154;0.01891158;0.01979511;0.02022584;0.02288037;0.02412197;0.02763973;0.03249286;0.03317004;0.04170601;0.04654122;0.05088563;0.06221679;0.06460843;0.03190657;0.00534494;0.00077397;0.00009773;0.00001104;0.00000114;0.00000011;0.00000001;0.00000000;0.00000000;-0.00000000;-0.00000000
28.000;-0.00000000;-0.00000000;-0.00000000;0.00000000;0.00000002;0.00000021;0.00000217;0.00002032;0.00017278;0.00130655;0.00857908;0.04390110;0.06638674;0.05975615;0.04962111;0.04701174;0.03984654;0.03188880;0.03168043;0.02547188;0.02312843;0.02102837;0.01886132;0.01823419;0.01744869;0.01744874;0.01823392;0.01886064;0.02102803;0.02312849;0.02547188;0.03168042;0.03188880;0.03984653;0.04701172;0.04962111;0.05975614;0.06638674;0.04390110;0.00857908;0.00130655;0.00017278;0.00002032;0.00000217;0.00000021;0.00000002;0.00000000;-0.00000000;-0.00000000;-0.00000000
28.500;0.00000000;0.00000000;-0.00000000;0.00000000;0.00000004;0.00000041;0.00000409;0.00003686;0.00030078;0.00216887;0.01351392;0.05400400;0.06640901;0.05712642;0.04929081;0.04707951;0.03733119;0.03110377;0.03021318;0.02340320;0.02207480;0.01908853;0.01753575;0.01657340;0.01596010;0.01596013;0.01657318;0.01753519;0.01908839;0.02207490;0.02340315;0.03021317;0.03110378;0.03733118;0.04707949;0.04929081;0.05712642;0.06640901;0.05400400;0.01351392;0.00216887;0.00030078;0.00003686;0.00000409;0.00000041;0.00000004;0.00000000;-0.00000000;0.00000000;0.00000000
29.000;0.00000000;0.00000000;0.00000000;0.00000001;0.00000008;0.00000080;0.00000759;0.00006591;0.00051545;0.00354046;0.02140159;0.06117269;0.06525465;0.05472259;0.04976043;0.04632054;0.03451141;0.03068010;0.02810332;0.02157923;0.02079207;0.01719777;0.01620325;0.01489019;0.01446580;0.01446576;0.01489010;0.01620303;0.01719791;0.02079212;0.02157912;0.02810332;0.03068012;0.03451140;0.04632054;0.04976044;0.05472259;0.06525465;0.06117269;0.02140159;0.00354046;0.00051545;0.00006591;0.00000759;0.00000080;0.00000008;0.00000001;0.00000000;0.00000000;0.00000000
29.500;0.00000000;0.00000000;0.00000000;0.00000001;0.00000015;0.00000151;0.00001389;0.00011614;0.00086942;0.00569188;0.03259967;0.06535660;0.06332855;0.05296000;0.05064000;0.04448598;0.03183235;0.03029103;0.02552963;0.02005977;0.01917522;0.01544203;0.01479948;0.01324823;0.01297461;0.01297450;0.01324829;0.01479966;0.01544236;0.01917513;0.02005965;0.02552966;0.03029105;0.03183236;0.04448599;0.05064001;0.05296000;0.06332855;0.06535660;0.03259967;0.00569188;0.00086942;0.00011614;0.00001389;0.00000151;0.00000015;0.00000001;0.00000000;0.00000000;0.00000000
30.000;-0.00000000;0.00000000;0.00000000;0.00000003;0.00000030;0.00000283;0.00002508;0.00020167;0.00144341;0.00901091;0.04459398;0.06710081;0.06095184;0.05215280;0.05136616;0.04157852;0.02968412;0.02954573;0.02276620;0.01880205;0.01723340;0.01384691;0.01326973;0.01167460;0.01147673;0.01147657;0.01167485;0.01327031;0.01384731;0.01723314;0.01880200;0.02276624;0.02954575;0.02968414;0.04157855;0.05136617;0.05215280;0.06095184;0.06710081;0.04459398;0.00901091;0.00144341;0.00020168;0.00002508;0.00000283;0.00000029;0.00000003;0.00000000;0.00000000;0.00000000
30.500;-0.00000000;-0.00000000;0.00000001;0.00000006;0.00000056;0.00000523;0.00004467;0.00034504;0.00235857;0.01402333;0.05465622;0.06711287;0.05847725;0.05238423;0.05134155;0.03786564;0.02826119;0.02814157;0.02009398;0.01766885;0.01508585;0.01239082;0.01160103;0.01016307;0.00995447;0.00995434;0.01016353;0.01160200;0.01239118;0.01508554;0.01766895;0.02009400;0.02814157;0.02826122;0.03786568;0.05134156;0.05238423;0.05847725;0.06711287;0.05465622;0.01402333;0.00235857;0.00034504;0.00004467;0.00000523;0.00000056;0.00000006;0.00000001;0.00000000;-0.00000000
31.000;0.00000000;0.00000000;0.00000001;0.00000011;0.00000106;0.00000954;0.00007847;0.00058154;0.00379375;0.02196886;0.06175961;0.06598149;0.05633016;0.05343118;0.05009119;0.03382030;0.02748577;0.02597498;0.01772832;0.01646968;0.01290787;0.01102293;0.00983663;0.00869403;0.00840270;0.00840268;0.00869461;0.00983781;0.01102318;0.01290773;0.01646993;0.01772829;0.02597496;0.02748579;0.03382033;0.05009119;0.05343118;0.05633016;0.06598149;0.06175961;0.02196886;0.00379375;0.00058154;0.00007847;0.00000954;0.00000106;0.00000011;0.00000001;0.00000000;-0.00000000
31.500;0.00000000;0.00000000;0.00000002;0.00000021;0.00000198;0.00001715;0.00013594;0.00096542;0.00601635;0.03319220;0.06587390;0.06412325;0.05494401;0.05478026;0.04739161;0.02999875;0.02703043;0.02316833;0.01577774;0.01502875;0.01085858;0.00967678;0.00805991;0.00725164;0.00684033;0.00684047;0.00725211;0.00806081;0.00967677;0.01085877;0.01502904;0.01577765;0.02316831;0.02703042;0.02999875;0.04739160;0.05478027;0.05494401;0.06412325;0.06587390;0.03319221;0.00601635;0.00096542;0.00013594;0.00001715;0.00000198;0.00000021;0.00000002;0.00000000;0.00000000
32.000;0.00000000;0.00000000;0.00000004;0.00000040;0.00000363;0.00003044;0.00023220;0.00157868;0.00940774;0.04516945;0.06756346;0.06187620;0.05462432;0.05573781;0.04333731;0.02688523;0.02643554;0.02001169;0.01423313;0.01325458;0.00902888;0.00828241;0.00635575;0.00582643;0.00530197;0.00530220;0.00582643;0.00635567;0.00828196;0.00902929;0.01325468;0.01423303;0.02001169;0.02643552;0.02688519;0.04333730;0.05573781;0.05462432;0.06187620;0.06756346;0.04516945;0.00940774;0.00157867;0.00023220;0.00003044;0.00000363;0.00000040;0.00000004;0.00000000;0.00000000
32.500;0.00000000;0.00000001;0.00000008;0.00000075;0.00000659;0.00005331;0.00039103;0.00254298;0.01448354;0.05517566;0.06755178;0.05961312;0.05540953;0.05560314;0.03832647;0.02474862;0.02527646;0.01685468;0.01298096;0.01117793;0.00742929;0.00678427;0.00477345;0.00440754;0.00381610;0.00381625;0.00440667;0.00477193;0.00678342;0.00742967;0.01117765;0.01298094;0.01685467;0.02527641;0.02474856;0.03832645;0.05560315;0.05540953;0.05961312;0.06755178;0.05517566;0.01448354;0.00254298;0.00039103;0.00005331;0.00000659;0.00000075;0.00000008;0.00000001;0.00000000
33.000;0.00000000;0.00000002;0.00000015;0.00000139;0.00001180;0.00009214;0.00064911;0.00403613;0.02247337;0.06219814;0.06644181;0.05777533;0.05699552;0.05385426;0.03296895;0.02355901;0.02331285;0.01399780;0.01183699;0.00893717;0.00601149;0.00516329;0.00331345;0.00297858;0.00238806;0.00238802;0.00297683;0.00331088;0.00516249;0.00601165;0.00893656;0.01183711;0.01399777;0.02331280;0.02355895;0.03296894;0.05385426;0.05699552;0.05777534;0.06644181;0.06219814;0.02247337;0.00403613;0.00064911;0.00009214;0.00001180;0.00000139;0.00000015;0.00000002;0.00000000
33.500;0.00000000;0.00000003;0.00000029;0.00000254;0.00002087;0.00015715;0.00106205;0.00632234;0.03371130;0.06622584;0.06466489;0.05679833;0.05876336;0.05029111;0.02793914;0.02299744;0.02056189;0.01162136;0.01059818;0.00671783;0.00470103;0.00345060;0.00194199;0.00152538;0.00100156;0.00100148;0.00152369;0.00193980;0.00345050;0.00470100;0.00671729;0.01059842;0.01162132;0.02056189;0.02299741;0.02793915;0.05029111;0.05876336;0.05679833;0.06466489;0.06622584;0.03371130;0.00632234;0.00106205;0.00015715;0.00002087;0.00000254;0.00000029;0.00000003;0.00000000
34.000;0.00000001;0.00000006;0.00000053;0.00000458;0.00003645;0.00026442;0.00171286;0.00977707;0.04566349;0.06784334;0.06257463;0.05696680;0.05991096;0.04509572;0.02380993;0.02256120;0.01727217;0.00976379;0.00910452;0.00467836;0.00342166;0.00171944;0.00061838;0.00005028;-0.00036390;-0.00036370;0.00005023;0.00061832;0.00172039;0.00342162;0.00467838;0.00910474;0.00976377;0.01727224;0.02256122;0.02380996;0.04509572;0.05991096;0.05696680;0.06257463;0.06784334;0.04566349;0.00977707;0.00171286;0.00026442;0.00003645;0.00000458;0.00000053;0.00000006;0.00000001
34.500;0.00000001;0.00000011;0.00000098;0.00000817;0.00006286;0.00043887;0.00272343;0.01490695;0.05560624;0.06779352;0.06055682;0.05827115;0.05965288;0.03879376;0.02091049;0.02173073;0.01381934;0.00833961;0.00729163;0.00289908;0.00210731;0.00005501;-0.00068551;-0.00142139;-0.00171587;-0.00171520;-0.00141888;-0.00068281;0.00005652;0.00210729;0.00289984;0.00729162;0.00833962;0.01381945;0.02173078;0.02091051;0.03879375;0.05965288;0.05827114;0.06055682;0.06779352;0.05560624;0.01490696;0.00272343;0.00043887;0.00006286;0.00000817;0.00000098;0.00000011;0.00000001
35.000;0.00000002;0.00000021;0.00000179;0.00001441;0.00010704;0.00071844;0.00427040;0.02293389;0.06253831;0.06669789;0.05905708;0.06033475;0.05742936;0.03213047;0.01924707;0.02013810;0.01057488;0.00717934;0.00521113;0.00137409;0.00070921;-0.00148200;-0.00198335;-0.00285111;-0.00304606;-0.00304534;-0.00284707;-0.00197936;-0.00148105;0.00070911;0.00137528;0.00521078;0.00717939;0.01057491;0.02013814;0.01924705;0.03213045;0.05742936;0.06033475;0.05905709;0.06669789;0.06253831;0.02293389;0.00427040;0.00071844;0.00010704;0.00001441;0.00000179;0.00000021;0.00000002
35.500;0.00000005;0.00000039;0.00000322;0.00002511;0.00017995;0.00115992;0.00661503;0.03418303;0.06646606;0.06500559;0.05849975;0.06245212;0.05306166;0.02589588;0.01851179;0.01767517;0.00780141;0.00607826;0.00300665;0.00003953;-0.00079423;-0.00287699;-0.00328387;-0.00420778;-0.00434223;-0.00434237;-0.00420501;-0.00328138;-0.00287749;-0.00079455;0.00004046;0.00300610;0.00607831;0.00780126;0.01767516;0.01851173;0.02589585;0.05306167;0.06245212;0.05849975;0.06500560;0.06646606;0.03418303;0.00661503;0.00115992;0.00017995;0.00002511;0.00000322;0.00000039;0.00000004
36.000;0.00000009;0.00000071;0.00000572;0.00004322;0.00029860;0.00184718;0.01012760;0.04610920;0.06799498;0.06308528;0.05913852;0.06373713;0.04680816;0.02074494;0.01818029;0.01450442;0.00560555;0.00484697;0.00085474;-0.00118668;-0.00238756;-0.00415683;-0.00459748;-0.00548391;-0.00560216;-0.00560378;-0.00548500;-0.00459848;-0.00415841;-0.00238788;-0.00118659;0.00085438;0.00484697;0.00560520;0.01450437;0.01818020;0.02074493;0.04680816;0.06373713;0.05913852;0.06308528;0.06799498;0.04610920;0.01012760;0.00184718;0.00029859;0.00004322;0.00000572;0.00000071;0.00000008
36.500;0.00000016;0.00000129;0.00001006;0.00007348;0.00048900;0.00290221;0.01530698;0.05598665;0.06789044;0.06133059;0.06091314;0.06334194;0.03930653;0.01705667;0.01767092;0.01097652;0.00394739;0.00335783;-0.00110149;-0.00237721;-0.00401776;-0.00536540;-0.00593180;-0.00669564;-0.00683649;-0.00683911;-0.00670066;-0.00593567;-0.00536652;-0.00401763;-0.00237805;-0.00110129;0.00335776;0.00394703;0.01097650;0.01767089;0.01705669;0.03930653;0.06334194;0.06091314;0.06133059;0.06789044;0.05598665;0.01530698;0.00290221;0.00048900;0.00007348;0.00001006;0.00000129;0.00000016
37.000;0.00000029;0.00000231;0.00001749;0.00012342;0.00079028;0.00450061;0.02336964;0.06282217;0.06679694;0.06018226;0.06338217;0.06068211;0.03142215;0.01486443;0.01651570;0.00749665;0.00268488;0.00157648;-0.00279492;-0.00358758;-0.00561042;-0.00653857;-0.00728051;-0.00786813;-0.00805836;-0.00806033;-0.00787407;-0.00728433;-0.00653783;-0.00560967;-0.00358894;-0.00279409;0.00157639;0.00268480;0.00749672;0.01651579;0.01486452;0.03142215;0.06068211;0.06338217;0.06018226;0.06679694;0.06282217;0.02336964;0.00450061;0.00079028;0.00012342;0.00001749;0.00000231;0.00000029
37.500;0.00000053;0.00000409;0.00003004;0.00020473;0.00126034;0.00690111;0.03463307;0.06663746;0.06518489;0.06004272;0.06577118;0.05560002;0.02404788;0.01387227;0.01448669;0.00439742;0.00162705;-0.00043367;-0.00423734;-0.00485920;-0.00709779;-0.00769474;-0.00861756;-0.00901854;-0.00926962;-0.00926917;-0.00902125;-0.00861845;-0.00769251;-0.00709694;-0.00486044;-0.00423627;-0.00043366;0.00162748;0.00439756;0.01448689;0.01387241;0.02404788;0.05560002;0.06577118;0.06004271;0.06518489;0.06663746;0.03463307;0.00690111;0.00126034;0.00020473;0.00003004;0.00000409;0.00000053
38.000;0.00000096;0.00000717;0.00005101;0.00033538;0.00198387;0.01046975;0.04653795;0.06805965;0.06343846;0.06112601;0.06713373;0.04841738;0.01791036;0.01355100;0.01163694;0.00186321;0.00058084;-0.00253887;-0.00549015;-0.00621894;-0.00844364;-0.00884269;-0.00990458;-0.01014952;-0.01045609;-0.01045281;-0.01014687;-0.00990213;-0.00884129;-0.00844373;-0.00621950;-0.00548948;-0.00253867;0.00058173;0.00186326;0.01163709;0.01355109;0.01791035;0.04841737;0.06713372;0.06112601;0.06343846;0.06805965;0.04653795;0.01046975;0.00198387;0.00033538;0.00005101;0.00000717;0.00000096
38.500;0.00000172;0.00001243;0.00008559;0.00054247;0.00308308;0.01569878;0.05635192;0.06788012;0.06195564;0.06331841;0.06658272;0.03986252;0.01342985;0.01328817;0.00824783;-0.00008058;-0.00061249;-0.00458531;-0.00662660;-0.00767007;-0.00965063;-0.00999396;-0.01110789;-0.01125561;-0.01159594;-0.01159142;-0.01124933;-0.01110461;-0.00999585;-0.00965228;-0.00766971;-0.00662680;-0.00458495;-0.00061156;-0.00008072;0.00824776;0.01328807;0.01342981;0.03986252;0.06658271;0.06331841;0.06195564;0.06788012;0.05635192;0.01569879;0.00308308;0.00054247;0.00008559;0.00001243;0.00000172
39.000;0.00000304;0.00002131;0.00014193;0.00086633;0.00473279;0.02380165;0.06308563;0.06677137;0.06116514;0.06611928;0.06352463;0.03089739;0.01066168;0.01255048;0.00471122;-0.00152957;-0.00205028;-0.00645024;-0.00770837;-0.00918232;-0.01074790;-0.01116498;-0.01221340;-0.01233426;-0.01267383;-0.01267084;-0.01232876;-0.01221252;-0.01117020;-0.01075043;-0.00918123;-0.00770951;-0.00644991;-0.00204986;-0.00152981;0.00471092;0.01255014;0.01066162;0.03089739;0.06352462;0.06611928;0.06116514;0.06677137;0.06308563;0.02380165;0.00473279;0.00086633;0.00014193;0.00002131;0.00000304
39.500;0.00000532;0.00003614;0.00023255;0.00136604;0.00718989;0.03508875;0.06677392;0.06522944;0.06143849;0.06869987;0.05782584;0.02249705;0.00932412;0.01101243;0.00139754;-0.00264504;-0.00375257;-0.00807222;-0.00878372;-0.01069358;-0.01177021;-0.01236491;-0.01322922;-0.01339018;-0.01368921;-0.01368984;-0.01338912;-0.01323166;-0.01237008;-0.01177181;-0.01069235;-0.00878544;-0.00807221;-0.00375300;-0.00264511;0.00139725;0.01101203;0.00932408;0.02249707;0.05782585;0.06869987;0.06143849;0.06522944;0.06677392;0.03508875;0.00718989;0.00136604;0.00023255;0.00003614;0.00000532
40.000;0.00000921;0.00006059;0.00037643;0.00212728;0.01081727;0.04698216;0.06806665;0.06365584;0.06294196;0.07007447;0.04986034;0.01544473;0.00889768;0.00861493;-0.00144027;-0.00360606;-0.00566250;-0.00945055;-0.00989611;-0.01212795;-0.01274448;-0.01357944;-0.01417580;-0.01442844;-0.01465248;-0.01465654;-0.01443193;-0.01417907;-0.01357981;-0.01274353;-0.01212739;-0.00989775;-0.00945099;-0.00566371;-0.00360572;-0.00144022;0.00861478;0.00889771;0.01544475;0.04986036;0.07007448;0.06294196;0.06365584;0.06806665;0.04698216;0.01081726;0.00212728;0.00037643;0.00006059;0.00000921
40.500;0.00001576;0.00010045;0.00060191;0.00327280;0.01610173;0.05673665;0.06778576;0.06245098;0.06550436;0.06933917;0.04042529;0.01019288;0.00876658;0.00554082;-0.00370091;-0.00457846;-0.00766675;-0.01062260;-0.01108619;-0.01342195;-0.01369082;-0.01476562;-0.01507243;-0.01544254;-0.01557282;-0.01557779;-0.01544719;-0.01507269;-0.01475885;-0.01368734;-0.01342258;-0.01108699;-0.01062335;-0.00766819;-0.00457780;-0.00370041;0.00554113;0.00876670;0.01019288;0.04042531;0.06933916;0.06550436;0.06245098;0.06778576;0.05673665;0.01610173;0.00327280;0.00060191;0.00010045;0.00001575
41.000;0.00002667;0.00016463;0.00095074;0.00497723;0.02425622;0.06336167;0.06663807;0.06202594;0.06856872;0.06590871;0.03055238;0.00681567;0.00836676;0.00212387;-0.00541293;-0.00569563;-0.00963065;-0.01163902;-0.01237902;-0.01454385;-0.01463095;-0.01586488;-0.01593026;-0.01640853;-0.01644825;-0.01645100;-0.01641035;-0.01592587;-0.01585370;-0.01462694;-0.01454544;-0.01237839;-0.01163968;-0.00963165;-0.00569512;-0.00541228;0.00212457;0.00836688;0.00681563;0.03055239;0.06590870;0.06856872;0.06202594;0.06663808;0.06336167;0.02425622;0.00497724;0.00095074;0.00016463;0.00002667
41.500;0.00004466;0.00026669;0.00148352;0.00749667;0.03558406;0.06690272;0.06515134;0.06271312;0.07126268;0.05968018;0.02127357;0.00504981;0.00730487;-0.00126962;-0.00668531;-0.00704339;-0.01143516;-0.01255270;-0.01376413;-0.01549674;-0.01559047;-0.01682732;-0.01675440;-0.01729204;-0.01726616;-0.01726508;-0.01728970;-0.01674784;-0.01681853;-0.01558851;-0.01549829;-0.01376209;-0.01255289;-0.01143523;-0.00704364;-0.00668506;-0.00126892;0.00730490;0.00504976;0.02127357;0.05968017;0.07126268;0.06271312;0.06515134;0.06690272;0.03558406;0.00749667;0.00148352;0.00026669;0.00004466
42.000;0.00007397;0.00042700;0.00228743;0.01119225;0.04748161;0.06803428;0.06374802;0.06462247;0.07257871;0.05107317;0.01340935;0.00439909;0.00542157;-0.00434189;-0.00766165;-0.00864728;-0.01300148;-0.01342208;-0.01518473;-0.01630810;-0.01658703;-0.01763224;-0.01754913;-0.01806463;-0.01801297;-0.01800907;-0.01806046;-0.01754541;-0.01763220;-0.01658834;-0.01630832;-0.01518209;-0.01342171;-0.01300053;-0.00864846;-0.00766216;-0.00434162;0.00542152;0.00439907;0.01340934;0.05107316;0.07257872;0.06462247;0.06374802;0.06803428;0.04748161;0.01119225;0.00228743;0.00042700;0.00007397
42.500;0.00012115;0.00067565;0.00348662;0.01654654;0.05718202;0.06761495;0.06283075;0.06751908;0.07161665;0.04093473;0.00743293;0.00426831;0.00278829;-0.00691681;-0.00849395;-0.01046713;-0.01429732;-0.01431560;-0.01654755;-0.01701665;-0.01761092;-0.01829282;-0.01831786;-0.01871782;-0.01868370;-0.01867977;-0.01871578;-0.01832048;-0.01830266;-0.01761443;-0.01701498;-0.01654566;-0.01431496;-0.01429572;-0.01046869;-0.00849502;-0.00691713;0.00278825;0.00426837;0.00743293;0.04093474;0.07161665;0.06751908;0.06283075;0.06761495;0.05718202;0.01654654;0.00348662;0.00067565;0.00012115
43.000;0.00019618;0.00105653;0.00525678;0.02477531;0.06368659;0.06639470;0.06278839;0.07078856;0.06781796;0.03034004;0.00343407;0.00409369;-0.00035359;-0.00894044;-0.00933182;-0.01240492;-0.01532981;-0.01530262;-0.01775158;-0.01766552;-0.01861380;-0.01884470;-0.01905506;-0.01926453;-0.01928222;-0.01928086;-0.01926698;-0.01906306;-0.01885903;-0.01861705;-0.01766262;-0.01775151;-0.01530212;-0.01532827;-0.01240581;-0.00933273;-0.00894118;-0.00035353;0.00409381;0.00343407;0.03034006;0.06781796;0.07078856;0.06278839;0.06639470;0.06368659;0.02477531;0.00525678;0.00105654;0.00019618
43.500;0.00031406;0.00163290;0.00785509;0.03617406;0.06704829;0.06494196;0.06390586;0.07352104;0.06112131;0.02035073;0.00117250;0.00344433;-0.00368482;-0.01044893;-0.01031298;-0.01432634;-0.01613655;-0.01642774;-0.01872151;-0.01830020;-0.01951781;-0.01932794;-0.01973721;-0.01972743;-0.01981163;-0.01981343;-0.01973320;-0.01974562;-0.01933825;-0.01951889;-0.01829773;-0.01872328;-0.01642752;-0.01613580;-0.01432575;-0.01031302;-0.01044962;-0.00368464;0.00344444;0.00117251;0.02035075;0.06112130;0.07352104;0.06390585;0.06494196;0.06704829;0.03617406;0.00785509;0.00163290;0.00031406
44.000;0.00049698;0.00249505;0.01164327;0.04810155;0.06796896;0.06370687;0.06622621;0.07470069;0.05199131;0.01180211;0.00018791;0.00207976;-0.00689784;-0.01153197;-0.01154404;-0.01609011;-0.01678208;-0.01768130;-0.01943066;-0.01896308;-0.02024368;-0.01977333;-0.02032260;-0.02012357;-0.02026385;-0.02026720;-0.02012890;-0.02032618;-0.01977372;-0.02024264;-0.01896260;-0.01943315;-0.01768122;-0.01678253;-0.01608812;-0.01154307;-0.01153229;-0.00689766;0.00207979;0.00018793;0.01180212;0.05199129;0.07470069;0.06622621;0.06370687;0.06796896;0.04810155;0.01164327;0.00249505;0.00049698
44.500;0.00077735;0.00377082;0.01710143;0.05775515;0.06735256;0.06309655;0.06944080;0.07344991;0.04131216;0.00517408;-0.00007354;-0.00004054;-0.00975711;-0.01231127;-0.01307304;-0.01757650;-0.01735683;-0.01898593;-0.01990544;-0.01967844;-0.02074333;-0.02019734;-0.02076513;-0.02045677;-0.02061919;-0.02062157;-0.02045803;-0.02076215;-0.02018838;-0.02074187;-0.01968036;-0.01990711;-0.01898580;-0.01735838;-0.01757420;-0.01307163;-0.01231116;-0.00975711;-0.00004059;-0.00007349;0.00517407;0.04131214;0.07344991;0.06944080;0.06309655;0.06735256;0.05775515;0.01710143;0.00377082;0.00077734
45.000;0.00120182;0.00564013;0.02545420;0.06411673;0.06600533;0.06347416;0.07287156;0.06925690;0.03018016;0.00056694;-0.00014825;-0.00278909;-0.01212013;-0.01293456;-0.01486659;-0.01870977;-0.01796799;-0.02021173;-0.02021362;-0.02043279;-0.02101900;-0.02060206;-0.02103555;-0.02072116;-0.02085777;-0.02085761;-0.02071730;-0.02102866;-0.02058993;-0.02101868;-0.02043602;-0.02021359;-0.02021156;-0.01797002;-0.01870856;-0.01486558;-0.01293410;-0.01212040;-0.00278916;-0.00014818;0.00056693;0.03018015;0.06925690;0.07287157;0.06347416;0.06600533;0.06411673;0.02545420;0.00564013;0.00120182
45.500;0.00183685;0.00836568;0.03698755;0.06724063;0.06455116;0.06506761;0.07557164;0.06211762;0.01965992;-0.00223326;-0.00047652;-0.00592891;-0.01392994;-0.01357129;-0.01680638;-0.01947306;-0.01871416;-0.02121678;-0.02044363;-0.02116412;-0.02111966;-0.02097454;-0.02113677;-0.02090929;-0.02097336;-0.02097111;-0.02090242;-0.02113062;-0.02096636;-0.02112034;-0.02116674;-0.02044221;-0.02121685;-0.01871572;-0.01947366;-0.01680629;-0.01357061;-0.01393033;-0.00592891;-0.00047644;-0.00223328;0.01965993;0.06211762;0.07557164;0.06506761;0.06455116;0.06724063;0.03698755;0.00836568;0.00183685
46.000;0.00277644;0.01231527;0.04899909;0.06785865;0.06348084;0.06783858;0.07652602;0.05254838;0.01057661;-0.00364043;-0.00135871;-0.00917865;-0.01519841;-0.01439373;-0.01871187;-0.01991558;-0.01964751;-0.02189554;-0.02068136;-0.02177303;-0.02111865;-0.02128459;-0.02110274;-0.02101582;-0.02097788;-0.02097554;-0.02100978;-0.02110045;-0.02128374;-0.02111853;-0.02177355;-0.02067975;-0.02189608;-0.01964768;-0.01991754;-0.01871263;-0.01439301;-0.01519860;-0.00917858;-0.00135874;-0.00364045;0.01057664;0.05254838;0.07652602;0.06783858;0.06348084;0.06785865;0.04899909;0.01231527;0.00277644
46.500;0.00415256;0.01797083;0.05862161;0.06693276;0.06321378;0.07138805;0.07489705;0.04146530;0.00339835;-0.00415018;-0.00294046;-0.01226724;-0.01599726;-0.01553809;-0.02038383;-0.02014907;-0.02073997;-0.02221436;-0.02098768;-0.02215640;-0.02108525;-0.02148619;-0.02098142;-0.02103386;-0.02089239;-0.02089193;-0.02103187;-0.02098296;-0.02149090;-0.02108274;-0.02215477;-0.02098706;-0.02221522;-0.02073834;-0.02015108;-0.02038497;-0.01553766;-0.01599705;-0.01226719;-0.00294065;-0.00415021;0.00339839;0.04146530;0.07489705;0.07138805;0.06321378;0.06693276;0.05862161;0.01797083;0.00415256
47.000;0.00615000;0.02658309;0.06479160;0.06534720;0.06408681;0.07495966;0.07024209;0.02996923;-0.00177331;-0.00424946;-0.00521912;-0.01496901;-0.01645888;-0.01705717;-0.02165502;-0.02032832;-0.02187420;-0.02222076;-0.02137928;-0.02224966;-0.02106316;-0.02152814;-0.02081304;-0.02095024;-0.02073247;-0.02073426;-0.02095317;-0.02081618;-0.02153406;-0.02105884;-0.02224723;-0.02137997;-0.02222139;-0.02187124;-0.02032918;-0.02165601;-0.01705745;-0.01645850;-0.01496920;-0.00521938;-0.00424945;-0.00177329;0.02996922;0.07024209;0.07495965;0.06408680;0.06534720;0.06479160;0.02658309;0.00615000
47.500;0.00903975;0.03842603;0.06754478;0.06380935;0.06625964;0.07756183;0.06263667;0.01910335;-0.00512604;-0.00436356;-0.00806523;-0.01712192;-0.01677456;-0.01888627;-0.02243334;-0.02061336;-0.02287119;-0.02202575;-0.02181788;-0.02205649;-0.02106134;-0.02137413;-0.02061639;-0.02074805;-0.02050038;-0.02050280;-0.02075408;-0.02061906;-0.02137804;-0.02105818;-0.02205499;-0.02181918;-0.02202565;-0.02286829;-0.02061279;-0.02243389;-0.01888756;-0.01677457;-0.01712242;-0.00806529;-0.00436344;-0.00512604;0.01910334;0.06263667;0.07756183;0.06625964;0.06380935;0.06754478;0.03842603;0.00903975
48.000;0.01320100;0.05067146;0.06763697;0.06288005;0.06959066;0.07818361;0.05266474;0.00965611;-0.00701921;-0.00483081;-0.01125413;-0.01863884;-0.01717327;-0.02084303;-0.02272679;-0.02111955;-0.02354850;-0.02176796;-0.02221430;-0.02164998;-0.02105626;-0.02102306;-0.02038866;-0.02041757;-0.02018973;-0.02019039;-0.02042337;-0.02039030;-0.02102481;-0.02105759;-0.02165030;-0.02221523;-0.02176725;-0.02354740;-0.02111831;-0.02272687;-0.02084508;-0.01717416;-0.01863950;-0.01125380;-0.00483056;-0.00701923;0.00965610;0.05266474;0.07818361;0.06959067;0.06288005;0.06763697;0.05067146;0.01320100
48.500;0.01912334;0.06029762;0.06610181;0.06301501;0.07356052;0.07604321;0.04127904;0.00206093;-0.00787572;-0.00588862;-0.01450403;-0.01952014;-0.01787348;-0.02266843;-0.02264504;-0.02187189;-0.02378635;-0.02157193;-0.02245150;-0.02114398;-0.02100066;-0.02051706;-0.02011421;-0.01996807;-0.01979726;-0.01979486;-0.01997054;-0.02011523;-0.02051826;-0.02100743;-0.02114575;-0.02245162;-0.02157131;-0.02378805;-0.02187106;-0.02264463;-0.02267026;-0.01787504;-0.01952064;-0.01450347;-0.00588840;-0.00787576;0.00206094;0.04127903;0.07604321;0.07356053;0.06301501;0.06610181;0.06029762;0.01912334
49.000;0.02817721;0.06609059;0.06393921;0.06453508;0.07730256;0.07079412;0.02957618;-0.00359452;-0.00811427;-0.00765955;-0.01751756;-0.01986699;-0.01901744;-0.02409829;-0.02237557;-0.02278347;-0.02357316;-0.02151165;-0.02242284;-0.02064886;-0.02083625;-0.01992894;-0.01977351;-0.01942969;-0.01933010;-0.01932570;-0.01942752;-0.01977392;-0.01993039;-0.02084560;-0.02065086;-0.02242256;-0.02151177;-0.02357711;-0.02278360;-0.02237466;-0.02409841;-0.01901851;-0.01986701;-0.01751734;-0.00765961;-0.00811433;-0.00359450;0.02957618;0.07079413;0.07730256;0.06453508;0.06393921;0.06609059;0.02817721
49.500;0.04062978;0.06794819;0.06200149;0.06752010;0.07975491;0.06262430;0.01855715;-0.00747723;-0.00812440;-0.01013673;-0.02002482;-0.01988311;-0.02061202;-0.02494112;-0.02213710;-0.02367199;-0.02301054;-0.02158844;-0.02207313;-0.02023238;-0.02050928;-0.01933342;-0.01934768;-0.01884231;-0.01880248;-0.01879908;-0.01883666;-0.01934669;-0.01933396;-0.02051596;-0.02023343;-0.02207305;-0.02158911;-0.02301471;-0.02367281;-0.02213582;-0.02493847;-0.02061109;-0.01988264;-0.02002568;-0.01013720;-0.00812445;-0.00747720;0.01855715;0.06262431;0.07975491;0.06752010;0.06200149;0.06794819;0.04062978
50.000;0.05217255;0.06593043;0.06044584;0.07101465;0.07912667;0.05151292;0.00825856;-0.01068489;-0.00906504;-0.01395275;-0.02265236;-0.02069514;-0.02334477;-0.02598456;-0.02296111;-0.02514460;-0.02309564;-0.02253593;-0.02221825;-0.02068577;-0.02076294;-0.01954469;-0.01958324;-0.01899703;-0.01898330;-0.01898395;-0.01899109;-0.01958036;-0.01954259;-0.02076268;-0.02068538;-0.02221834;-0.02253618;-0.02309774;-0.02514539;-0.02296004;-0.02597964;-0.02334128;-0.02069436;-0.02265430;-0.01395343;-0.00906506;-0.01068487;0.00825857;0.05151293;0.07912667;0.07101465;0.06044584;0.06593043;0.05217255
